cursor,timestamp,xpos,ypos,event,xpath,attrs,extras,xpos_scaled,ypos_scaled,timestamp_diff,speed,acceleration,log_id,date,ua,screen,window,document,task,user_id,ad_clicked,attention
0,1482496652821,0,0,load,/,{},{},0.0,0.0,1.0,0.0,0.0,20161223133658,"Fri, 23 Dec 2016 13:36:58 +0100","Mozilla/5.0 (Windows NT 10.0; WOW64) AppleWebKit/537.36 (KHTML, like Gecko) Chrome/55.0.2883.87 Safari/537.36",1360x768,1360x638,1343x1666,fe66bjems0j5vaokbnr0ab9v66-dd-top_right,fe66bjems0j5vaokbnr0ab9v66,0,4
0,1482496653493,763,1,mouseover,//*[@id='searchform']/div/div,{},"{""topRight"":492,""topLeft"":108,""bottomRight"":863,""bottomLeft"":718,""middle"":483,""inTarget"":false}",0.5610294117647059,0.001567398119122257,672.0,1.1354176418269544,1.1354176418269544,20161223133658,"Fri, 23 Dec 2016 13:36:58 +0100","Mozilla/5.0 (Windows NT 10.0; WOW64) AppleWebKit/537.36 (KHTML, like Gecko) Chrome/55.0.2883.87 Safari/537.36",1360x768,1360x638,1343x1666,fe66bjems0j5vaokbnr0ab9v66-dd-top_right,fe66bjems0j5vaokbnr0ab9v66,0,4
0,1482496653939,686,63,mousemove,//*[@id='slim_appbar'],{},"{""topRight"":560,""topLeft"":113,""bottomRight"":860,""bottomLeft"":663,""middle"":481,""inTarget"":false}",0.5044117647058823,0.0987460815047022,446.0,0.2216557953234577,-0.9137618465034967,20161223133658,"Fri, 23 Dec 2016 13:36:58 +0100","Mozilla/5.0 (Windows NT 10.0; WOW64) AppleWebKit/537.36 (KHTML, like Gecko) Chrome/55.0.2883.87 Safari/537.36",1360x768,1360x638,1343x1666,fe66bjems0j5vaokbnr0ab9v66-dd-top_right,fe66bjems0j5vaokbnr0ab9v66,0,4
0,1482496654091,635,102,mouseover,//*[@id='tads'],{},"{""topRight"":609,""topLeft"":155,""bottomRight"":866,""bottomLeft"":635,""middle"":492,""inTarget"":false}",0.46691176470588236,0.15987460815047022,152.0,0.42238686629669797,0.20073107097324028,20161223133658,"Fri, 23 Dec 2016 13:36:58 +0100","Mozilla/5.0 (Windows NT 10.0; WOW64) AppleWebKit/537.36 (KHTML, like Gecko) Chrome/55.0.2883.87 Safari/537.36",1360x768,1360x638,1343x1666,fe66bjems0j5vaokbnr0ab9v66-dd-top_right,fe66bjems0j5vaokbnr0ab9v66,0,4
0,1482496654243,301,490,mouseover,//*[@id='rso']/div[2]/div/div[3]/a,{},"{""topRight"":1018,""topLeft"":622,""bottomRight"":970,""bottomLeft"":540,""middle"":720,""inTarget"":false}",0.2213235294117647,0.768025078369906,152.0,3.368138351623738,2.9457514853270403,20161223133658,"Fri, 23 Dec 2016 13:36:58 +0100","Mozilla/5.0 (Windows NT 10.0; WOW64) AppleWebKit/537.36 (KHTML, like Gecko) Chrome/55.0.2883.87 Safari/537.36",1360x768,1360x638,1343x1666,fe66bjems0j5vaokbnr0ab9v66-dd-top_right,fe66bjems0j5vaokbnr0ab9v66,0,4
0,1482496655459,304,460,mouseover,//*[@id='rso']/div[2]/div/div[2]/span,{},"{""topRight"":1004,""topLeft"":601,""bottomRight"":975,""bottomLeft"":550,""middle"":715,""inTarget"":false}",0.2235294117647059,0.7210031347962382,1216.0,0.024794101038949565,-3.3433442505847886,20161223133658,"Fri, 23 Dec 2016 13:36:58 +0100","Mozilla/5.0 (Windows NT 10.0; WOW64) AppleWebKit/537.36 (KHTML, like Gecko) Chrome/55.0.2883.87 Safari/537.36",1360x768,1360x638,1343x1666,fe66bjems0j5vaokbnr0ab9v66-dd-top_right,fe66bjems0j5vaokbnr0ab9v66,0,4
0,1482496655843,0,0,blur,/,{},{},0.0,0.0,384.0,1.4358761964002638,1.4110820953613141,20161223133658,"Fri, 23 Dec 2016 13:36:58 +0100","Mozilla/5.0 (Windows NT 10.0; WOW64) AppleWebKit/537.36 (KHTML, like Gecko) Chrome/55.0.2883.87 Safari/537.36",1360x768,1360x638,1343x1666,fe66bjems0j5vaokbnr0ab9v66-dd-top_right,fe66bjems0j5vaokbnr0ab9v66,0,4
0,1482496676396,0,0,focus,/,{},{},0.0,0.0,20553.0,0.0,-1.4358761964002638,20161223133658,"Fri, 23 Dec 2016 13:36:58 +0100","Mozilla/5.0 (Windows NT 10.0; WOW64) AppleWebKit/537.36 (KHTML, like Gecko) Chrome/55.0.2883.87 Safari/537.36",1360x768,1360x638,1343x1666,fe66bjems0j5vaokbnr0ab9v66-dd-top_right,fe66bjems0j5vaokbnr0ab9v66,0,4
0,1482496676677,750,4,mouseover,//*[@id='searchform']/div/div,{},"{""topRight"":504,""topLeft"":110,""bottomRight"":868,""bottomLeft"":715,""middle"":488,""inTarget"":false}",0.5514705882352942,0.006269592476489028,281.0,2.6690771053053943,2.6690771053053943,20161223133658,"Fri, 23 Dec 2016 13:36:58 +0100","Mozilla/5.0 (Windows NT 10.0; WOW64) AppleWebKit/537.36 (KHTML, like Gecko) Chrome/55.0.2883.87 Safari/537.36",1360x768,1360x638,1343x1666,fe66bjems0j5vaokbnr0ab9v66-dd-top_right,fe66bjems0j5vaokbnr0ab9v66,0,4
0,1482496676828,654,128,mousemove,//*[@id='rso']/div[1]/div[1]/div/h3,{},"{""topRight"":590,""topLeft"":138,""bottomRight"":834,""bottomLeft"":605,""middle"":461,""inTarget"":false}",0.4808823529411765,0.2006269592476489,151.0,1.03853222696226,-1.6305448783431342,20161223133658,"Fri, 23 Dec 2016 13:36:58 +0100","Mozilla/5.0 (Windows NT 10.0; WOW64) AppleWebKit/537.36 (KHTML, like Gecko) Chrome/55.0.2883.87 Safari/537.36",1360x768,1360x638,1343x1666,fe66bjems0j5vaokbnr0ab9v66-dd-top_right,fe66bjems0j5vaokbnr0ab9v66,0,4
0,1482496676978,534,170,mousemove,//*[@id='rso']/div[1]/div[1]/div/div/div,{},"{""topRight"":713,""topLeft"":264,""bottomRight"":897,""bottomLeft"":605,""middle"":540,""inTarget"":false}",0.3926470588235294,0.2664576802507837,150.0,0.8475848040166836,-0.19094742294557654,20161223133658,"Fri, 23 Dec 2016 13:36:58 +0100","Mozilla/5.0 (Windows NT 10.0; WOW64) AppleWebKit/537.36 (KHTML, like Gecko) Chrome/55.0.2883.87 Safari/537.36",1360x768,1360x638,1343x1666,fe66bjems0j5vaokbnr0ab9v66-dd-top_right,fe66bjems0j5vaokbnr0ab9v66,0,4
0,1482496677130,503,174,mousemove,//*[@id='rso']/div[1]/div[1]/div/div/div,{},"{""topRight"":744,""topLeft"":295,""bottomRight"":919,""bottomLeft"":615,""middle"":566,""inTarget"":false}",0.3698529411764706,0.2727272727272727,152.0,0.20563815273799715,-0.6419466512786864,20161223133658,"Fri, 23 Dec 2016 13:36:58 +0100","Mozilla/5.0 (Windows NT 10.0; WOW64) AppleWebKit/537.36 (KHTML, like Gecko) Chrome/55.0.2883.87 Safari/537.36",1360x768,1360x638,1343x1666,fe66bjems0j5vaokbnr0ab9v66-dd-top_right,fe66bjems0j5vaokbnr0ab9v66,0,4
0,1482496677282,448,161,mousemove,//*[@id='rso']/div[1]/div[1]/div/div/div/span,{},"{""topRight"":798,""topLeft"":346,""bottomRight"":972,""bottomLeft"":654,""middle"":622,""inTarget"":false}",0.32941176470588235,0.25235109717868337,152.0,0.37181239870907346,0.1661742459710763,20161223133658,"Fri, 23 Dec 2016 13:36:58 +0100","Mozilla/5.0 (Windows NT 10.0; WOW64) AppleWebKit/537.36 (KHTML, like Gecko) Chrome/55.0.2883.87 Safari/537.36",1360x768,1360x638,1343x1666,fe66bjems0j5vaokbnr0ab9v66-dd-top_right,fe66bjems0j5vaokbnr0ab9v66,0,4
0,1482496677517,413,124,mousemove,//*[@id='rso']/div[1]/div[1]/div/h3/a,{},"{""topRight"":831,""topLeft"":377,""bottomRight"":1021,""bottomLeft"":704,""middle"":669,""inTarget"":false}",0.30367647058823527,0.19435736677115986,235.0,0.2167290481403718,-0.15508335056870165,20161223133658,"Fri, 23 Dec 2016 13:36:58 +0100","Mozilla/5.0 (Windows NT 10.0; WOW64) AppleWebKit/537.36 (KHTML, like Gecko) Chrome/55.0.2883.87 Safari/537.36",1360x768,1360x638,1343x1666,fe66bjems0j5vaokbnr0ab9v66-dd-top_right,fe66bjems0j5vaokbnr0ab9v66,0,4
0,1482496678319,412,123,mousedown,//*[@id='rso']/div[1]/div[1]/div/h3/a,{},"{""topRight"":832,""topLeft"":378,""bottomRight"":1023,""bottomLeft"":705,""middle"":670,""inTarget"":false}",0.3029411764705882,0.19278996865203762,802.0,0.0017633585565749316,-0.21496568958379686,20161223133658,"Fri, 23 Dec 2016 13:36:58 +0100","Mozilla/5.0 (Windows NT 10.0; WOW64) AppleWebKit/537.36 (KHTML, like Gecko) Chrome/55.0.2883.87 Safari/537.36",1360x768,1360x638,1343x1666,fe66bjems0j5vaokbnr0ab9v66-dd-top_right,fe66bjems0j5vaokbnr0ab9v66,0,4
0,1482496678426,412,123,mouseup,//*[@id='rso']/div[1]/div[1]/div/h3/a,{},"{""topRight"":832,""topLeft"":378,""bottomRight"":1023,""bottomLeft"":705,""middle"":670,""inTarget"":false}",0.3029411764705882,0.19278996865203762,107.0,0.0,-0.0017633585565749316,20161223133658,"Fri, 23 Dec 2016 13:36:58 +0100","Mozilla/5.0 (Windows NT 10.0; WOW64) AppleWebKit/537.36 (KHTML, like Gecko) Chrome/55.0.2883.87 Safari/537.36",1360x768,1360x638,1343x1666,fe66bjems0j5vaokbnr0ab9v66-dd-top_right,fe66bjems0j5vaokbnr0ab9v66,0,4
0,1482496678427,412,123,click,//*[@id='rso']/div[1]/div[1]/div/h3/a,{},"{""topRight"":832,""topLeft"":378,""bottomRight"":1023,""bottomLeft"":705,""middle"":670,""inTarget"":false}",0.3029411764705882,0.19278996865203762,1.0,0.0,0.0,20161223133658,"Fri, 23 Dec 2016 13:36:58 +0100","Mozilla/5.0 (Windows NT 10.0; WOW64) AppleWebKit/537.36 (KHTML, like Gecko) Chrome/55.0.2883.87 Safari/537.36",1360x768,1360x638,1343x1666,fe66bjems0j5vaokbnr0ab9v66-dd-top_right,fe66bjems0j5vaokbnr0ab9v66,0,4
0,1482496678428,0,0,beforeunload,/,{},{},0.0,0.0,1.0,429.9686035049536,429.9686035049536,20161223133658,"Fri, 23 Dec 2016 13:36:58 +0100","Mozilla/5.0 (Windows NT 10.0; WOW64) AppleWebKit/537.36 (KHTML, like Gecko) Chrome/55.0.2883.87 Safari/537.36",1360x768,1360x638,1343x1666,fe66bjems0j5vaokbnr0ab9v66-dd-top_right,fe66bjems0j5vaokbnr0ab9v66,0,4
0,1482496679442,0,0,unload,/,{},{},0.0,0.0,1014.0,0.0,-429.9686035049536,20161223133658,"Fri, 23 Dec 2016 13:36:58 +0100","Mozilla/5.0 (Windows NT 10.0; WOW64) AppleWebKit/537.36 (KHTML, like Gecko) Chrome/55.0.2883.87 Safari/537.36",1360x768,1360x638,1343x1666,fe66bjems0j5vaokbnr0ab9v66-dd-top_right,fe66bjems0j5vaokbnr0ab9v66,0,4
