cursor,timestamp,xpos,ypos,event,xpath,attrs,extras,xpos_scaled,ypos_scaled,timestamp_diff,speed,acceleration,log_id,date,ua,screen,window,document,task,user_id,ad_clicked,attention
0,1482800420429,0,0,focus,/,{},{},0.0,0.0,1.0,0.0,0.0,20161227015854,"Tue, 27 Dec 2016 01:58:54 +0100","Mozilla/5.0 (Macintosh; Intel Mac OS X 10_11_6) AppleWebKit/537.36 (KHTML, like Gecko) Chrome/55.0.2883.95 Safari/537.36",1366x768,1362x609,1347x2111,4cih7v0bbet3oe48utt6e65hb3-dd-top_left,4cih7v0bbet3oe48utt6e65hb3,0,5
0,1482800420431,0,0,focus,/,{},{},0.0,0.0,2.0,0.0,0.0,20161227015854,"Tue, 27 Dec 2016 01:58:54 +0100","Mozilla/5.0 (Macintosh; Intel Mac OS X 10_11_6) AppleWebKit/537.36 (KHTML, like Gecko) Chrome/55.0.2883.95 Safari/537.36",1366x768,1362x609,1347x2111,4cih7v0bbet3oe48utt6e65hb3-dd-top_left,4cih7v0bbet3oe48utt6e65hb3,0,5
0,1482800420615,0,0,load,/,{},{},0.0,0.0,184.0,0.0,0.0,20161227015854,"Tue, 27 Dec 2016 01:58:54 +0100","Mozilla/5.0 (Macintosh; Intel Mac OS X 10_11_6) AppleWebKit/537.36 (KHTML, like Gecko) Chrome/55.0.2883.95 Safari/537.36",1366x768,1362x609,1347x2111,4cih7v0bbet3oe48utt6e65hb3-dd-top_left,4cih7v0bbet3oe48utt6e65hb3,0,5
0,1482800422885,0,0,blur,/,{},{},0.0,0.0,2270.0,0.0,0.0,20161227015854,"Tue, 27 Dec 2016 01:58:54 +0100","Mozilla/5.0 (Macintosh; Intel Mac OS X 10_11_6) AppleWebKit/537.36 (KHTML, like Gecko) Chrome/55.0.2883.95 Safari/537.36",1366x768,1362x609,1347x2111,4cih7v0bbet3oe48utt6e65hb3-dd-top_left,4cih7v0bbet3oe48utt6e65hb3,0,5
0,1482800444494,0,0,focus,/,{},{},0.0,0.0,21609.0,0.0,0.0,20161227015854,"Tue, 27 Dec 2016 01:58:54 +0100","Mozilla/5.0 (Macintosh; Intel Mac OS X 10_11_6) AppleWebKit/537.36 (KHTML, like Gecko) Chrome/55.0.2883.95 Safari/537.36",1366x768,1362x609,1347x2111,4cih7v0bbet3oe48utt6e65hb3-dd-top_left,4cih7v0bbet3oe48utt6e65hb3,0,5
0,1482800444828,741,31,mouseover,//*[@id='sblsbb']/button/span,{},"{""topRight"":75,""topLeft"":618,""bottomRight"":465,""bottomLeft"":769,""middle"":408,""inTarget"":false}",0.5440528634361234,0.05090311986863711,334.0,2.2205034867162414,2.2205034867162414,20161227015854,"Tue, 27 Dec 2016 01:58:54 +0100","Mozilla/5.0 (Macintosh; Intel Mac OS X 10_11_6) AppleWebKit/537.36 (KHTML, like Gecko) Chrome/55.0.2883.95 Safari/537.36",1366x768,1362x609,1347x2111,4cih7v0bbet3oe48utt6e65hb3-dd-top_left,4cih7v0bbet3oe48utt6e65hb3,0,5
0,1482800445326,464,287,mousemove,//*[@id='tvcap']/div[1]/div/div[2]/div[1]/div[3]/div[1]/div[2]/div[3]/span,{},"{""topRight"":332,""topLeft"":382,""bottomRight"":348,""bottomLeft"":396,""middle"":32,""inTarget"":true}",0.3406754772393539,0.47126436781609193,498.0,0.7573902173194935,-1.463113269396748,20161227015854,"Tue, 27 Dec 2016 01:58:54 +0100","Mozilla/5.0 (Macintosh; Intel Mac OS X 10_11_6) AppleWebKit/537.36 (KHTML, like Gecko) Chrome/55.0.2883.95 Safari/537.36",1366x768,1362x609,1347x2111,4cih7v0bbet3oe48utt6e65hb3-dd-top_left,4cih7v0bbet3oe48utt6e65hb3,0,5
0,1482800445480,529,446,mousemove,//*[@id='tvcap']/div[1]/div/div[2]/div[1],{},"{""topRight"":401,""topLeft"":526,""bottomRight"":219,""bottomLeft"":404,""middle"":173,""inTarget"":true}",0.38839941262848754,0.7323481116584565,154.0,1.1154097802624878,0.3580195629429943,20161227015854,"Tue, 27 Dec 2016 01:58:54 +0100","Mozilla/5.0 (Macintosh; Intel Mac OS X 10_11_6) AppleWebKit/537.36 (KHTML, like Gecko) Chrome/55.0.2883.95 Safari/537.36",1366x768,1362x609,1347x2111,4cih7v0bbet3oe48utt6e65hb3-dd-top_left,4cih7v0bbet3oe48utt6e65hb3,0,5
0,1482800453184,532,320,mousemove,//*[@id='tvcap']/div[1]/div/div[2]/div[1],{},"{""topRight"":300,""topLeft"":457,""bottomRight"":274,""bottomLeft"":441,""middle"":99,""inTarget"":true}",0.39060205580029367,0.5254515599343186,7704.0,0.016359775340809974,-1.0990500049216778,20161227015854,"Tue, 27 Dec 2016 01:58:54 +0100","Mozilla/5.0 (Macintosh; Intel Mac OS X 10_11_6) AppleWebKit/537.36 (KHTML, like Gecko) Chrome/55.0.2883.95 Safari/537.36",1366x768,1362x609,1347x2111,4cih7v0bbet3oe48utt6e65hb3-dd-top_left,4cih7v0bbet3oe48utt6e65hb3,0,5
0,1482800453738,0,0,blur,/,{},{},0.0,0.0,554.0,1.120623207975026,1.104263432634216,20161227015854,"Tue, 27 Dec 2016 01:58:54 +0100","Mozilla/5.0 (Macintosh; Intel Mac OS X 10_11_6) AppleWebKit/537.36 (KHTML, like Gecko) Chrome/55.0.2883.95 Safari/537.36",1366x768,1362x609,1347x2111,4cih7v0bbet3oe48utt6e65hb3-dd-top_left,4cih7v0bbet3oe48utt6e65hb3,0,5
0,1482800516371,0,0,focus,/,{},{},0.0,0.0,62633.0,0.0,-1.120623207975026,20161227015854,"Tue, 27 Dec 2016 01:58:54 +0100","Mozilla/5.0 (Macintosh; Intel Mac OS X 10_11_6) AppleWebKit/537.36 (KHTML, like Gecko) Chrome/55.0.2883.95 Safari/537.36",1366x768,1362x609,1347x2111,4cih7v0bbet3oe48utt6e65hb3-dd-top_left,4cih7v0bbet3oe48utt6e65hb3,0,5
0,1482800516737,669,76,mouseover,//*[@id='slim_appbar'],{},"{""topRight"":79,""topLeft"":542,""bottomRight"":426,""bottomLeft"":685,""middle"":325,""inTarget"":false}",0.4911894273127753,0.12479474548440066,366.0,1.8396258254764368,1.8396258254764368,20161227015854,"Tue, 27 Dec 2016 01:58:54 +0100","Mozilla/5.0 (Macintosh; Intel Mac OS X 10_11_6) AppleWebKit/537.36 (KHTML, like Gecko) Chrome/55.0.2883.95 Safari/537.36",1366x768,1362x609,1347x2111,4cih7v0bbet3oe48utt6e65hb3-dd-top_left,4cih7v0bbet3oe48utt6e65hb3,0,5
0,1482800517064,0,0,keydown,//*[@id='gsr'],{},{},0.0,0.0,327.0,2.0590307404415165,0.21940491496507963,20161227015854,"Tue, 27 Dec 2016 01:58:54 +0100","Mozilla/5.0 (Macintosh; Intel Mac OS X 10_11_6) AppleWebKit/537.36 (KHTML, like Gecko) Chrome/55.0.2883.95 Safari/537.36",1366x768,1362x609,1347x2111,4cih7v0bbet3oe48utt6e65hb3-dd-top_left,4cih7v0bbet3oe48utt6e65hb3,0,5
0,1482800517163,0,0,keyup,//*[@id='gsr'],{},{},0.0,0.0,99.0,0.0,-2.0590307404415165,20161227015854,"Tue, 27 Dec 2016 01:58:54 +0100","Mozilla/5.0 (Macintosh; Intel Mac OS X 10_11_6) AppleWebKit/537.36 (KHTML, like Gecko) Chrome/55.0.2883.95 Safari/537.36",1366x768,1362x609,1347x2111,4cih7v0bbet3oe48utt6e65hb3-dd-top_left,4cih7v0bbet3oe48utt6e65hb3,0,5
0,1482800517270,0,0,keydown,//*[@id='gsr'],{},{},0.0,0.0,107.0,0.0,0.0,20161227015854,"Tue, 27 Dec 2016 01:58:54 +0100","Mozilla/5.0 (Macintosh; Intel Mac OS X 10_11_6) AppleWebKit/537.36 (KHTML, like Gecko) Chrome/55.0.2883.95 Safari/537.36",1366x768,1362x609,1347x2111,4cih7v0bbet3oe48utt6e65hb3-dd-top_left,4cih7v0bbet3oe48utt6e65hb3,0,5
0,1482800517326,0,0,keyup,//*[@id='gsr'],{},{},0.0,0.0,56.0,0.0,0.0,20161227015854,"Tue, 27 Dec 2016 01:58:54 +0100","Mozilla/5.0 (Macintosh; Intel Mac OS X 10_11_6) AppleWebKit/537.36 (KHTML, like Gecko) Chrome/55.0.2883.95 Safari/537.36",1366x768,1362x609,1347x2111,4cih7v0bbet3oe48utt6e65hb3-dd-top_left,4cih7v0bbet3oe48utt6e65hb3,0,5
0,1482800517427,0,0,keydown,//*[@id='gsr'],{},{},0.0,0.0,101.0,0.0,0.0,20161227015854,"Tue, 27 Dec 2016 01:58:54 +0100","Mozilla/5.0 (Macintosh; Intel Mac OS X 10_11_6) AppleWebKit/537.36 (KHTML, like Gecko) Chrome/55.0.2883.95 Safari/537.36",1366x768,1362x609,1347x2111,4cih7v0bbet3oe48utt6e65hb3-dd-top_left,4cih7v0bbet3oe48utt6e65hb3,0,5
0,1482800517675,0,0,keyup,//*[@id='gsr'],{},{},0.0,0.0,248.0,0.0,0.0,20161227015854,"Tue, 27 Dec 2016 01:58:54 +0100","Mozilla/5.0 (Macintosh; Intel Mac OS X 10_11_6) AppleWebKit/537.36 (KHTML, like Gecko) Chrome/55.0.2883.95 Safari/537.36",1366x768,1362x609,1347x2111,4cih7v0bbet3oe48utt6e65hb3-dd-top_left,4cih7v0bbet3oe48utt6e65hb3,0,5
0,1482800517732,0,0,keydown,//*[@id='gsr'],{},{},0.0,0.0,57.0,0.0,0.0,20161227015854,"Tue, 27 Dec 2016 01:58:54 +0100","Mozilla/5.0 (Macintosh; Intel Mac OS X 10_11_6) AppleWebKit/537.36 (KHTML, like Gecko) Chrome/55.0.2883.95 Safari/537.36",1366x768,1362x609,1347x2111,4cih7v0bbet3oe48utt6e65hb3-dd-top_left,4cih7v0bbet3oe48utt6e65hb3,0,5
0,1482800517841,0,0,keyup,//*[@id='gsr'],{},{},0.0,0.0,109.0,0.0,0.0,20161227015854,"Tue, 27 Dec 2016 01:58:54 +0100","Mozilla/5.0 (Macintosh; Intel Mac OS X 10_11_6) AppleWebKit/537.36 (KHTML, like Gecko) Chrome/55.0.2883.95 Safari/537.36",1366x768,1362x609,1347x2111,4cih7v0bbet3oe48utt6e65hb3-dd-top_left,4cih7v0bbet3oe48utt6e65hb3,0,5
0,1482800517896,0,0,keydown,//*[@id='gsr'],{},{},0.0,0.0,55.0,0.0,0.0,20161227015854,"Tue, 27 Dec 2016 01:58:54 +0100","Mozilla/5.0 (Macintosh; Intel Mac OS X 10_11_6) AppleWebKit/537.36 (KHTML, like Gecko) Chrome/55.0.2883.95 Safari/537.36",1366x768,1362x609,1347x2111,4cih7v0bbet3oe48utt6e65hb3-dd-top_left,4cih7v0bbet3oe48utt6e65hb3,0,5
0,1482800518020,0,0,keyup,//*[@id='gsr'],{},{},0.0,0.0,124.0,0.0,0.0,20161227015854,"Tue, 27 Dec 2016 01:58:54 +0100","Mozilla/5.0 (Macintosh; Intel Mac OS X 10_11_6) AppleWebKit/537.36 (KHTML, like Gecko) Chrome/55.0.2883.95 Safari/537.36",1366x768,1362x609,1347x2111,4cih7v0bbet3oe48utt6e65hb3-dd-top_left,4cih7v0bbet3oe48utt6e65hb3,0,5
0,1482800518071,0,0,keydown,//*[@id='gsr'],{},{},0.0,0.0,51.0,0.0,0.0,20161227015854,"Tue, 27 Dec 2016 01:58:54 +0100","Mozilla/5.0 (Macintosh; Intel Mac OS X 10_11_6) AppleWebKit/537.36 (KHTML, like Gecko) Chrome/55.0.2883.95 Safari/537.36",1366x768,1362x609,1347x2111,4cih7v0bbet3oe48utt6e65hb3-dd-top_left,4cih7v0bbet3oe48utt6e65hb3,0,5
0,1482800518203,0,0,keyup,//*[@id='gsr'],{},{},0.0,0.0,132.0,0.0,0.0,20161227015854,"Tue, 27 Dec 2016 01:58:54 +0100","Mozilla/5.0 (Macintosh; Intel Mac OS X 10_11_6) AppleWebKit/537.36 (KHTML, like Gecko) Chrome/55.0.2883.95 Safari/537.36",1366x768,1362x609,1347x2111,4cih7v0bbet3oe48utt6e65hb3-dd-top_left,4cih7v0bbet3oe48utt6e65hb3,0,5
0,1482800518271,0,0,keydown,//*[@id='gsr'],{},{},0.0,0.0,68.0,0.0,0.0,20161227015854,"Tue, 27 Dec 2016 01:58:54 +0100","Mozilla/5.0 (Macintosh; Intel Mac OS X 10_11_6) AppleWebKit/537.36 (KHTML, like Gecko) Chrome/55.0.2883.95 Safari/537.36",1366x768,1362x609,1347x2111,4cih7v0bbet3oe48utt6e65hb3-dd-top_left,4cih7v0bbet3oe48utt6e65hb3,0,5
0,1482800518307,0,0,keyup,//*[@id='gsr'],{},{},0.0,0.0,36.0,0.0,0.0,20161227015854,"Tue, 27 Dec 2016 01:58:54 +0100","Mozilla/5.0 (Macintosh; Intel Mac OS X 10_11_6) AppleWebKit/537.36 (KHTML, like Gecko) Chrome/55.0.2883.95 Safari/537.36",1366x768,1362x609,1347x2111,4cih7v0bbet3oe48utt6e65hb3-dd-top_left,4cih7v0bbet3oe48utt6e65hb3,0,5
0,1482800518418,0,0,keydown,//*[@id='gsr'],{},{},0.0,0.0,111.0,0.0,0.0,20161227015854,"Tue, 27 Dec 2016 01:58:54 +0100","Mozilla/5.0 (Macintosh; Intel Mac OS X 10_11_6) AppleWebKit/537.36 (KHTML, like Gecko) Chrome/55.0.2883.95 Safari/537.36",1366x768,1362x609,1347x2111,4cih7v0bbet3oe48utt6e65hb3-dd-top_left,4cih7v0bbet3oe48utt6e65hb3,0,5
0,1482800518504,0,0,keyup,//*[@id='gsr'],{},{},0.0,0.0,86.0,0.0,0.0,20161227015854,"Tue, 27 Dec 2016 01:58:54 +0100","Mozilla/5.0 (Macintosh; Intel Mac OS X 10_11_6) AppleWebKit/537.36 (KHTML, like Gecko) Chrome/55.0.2883.95 Safari/537.36",1366x768,1362x609,1347x2111,4cih7v0bbet3oe48utt6e65hb3-dd-top_left,4cih7v0bbet3oe48utt6e65hb3,0,5
0,1482800518732,275,743,mouseover,//*[@id='rso']/div[1]/div[3]/div/div/div/span/em[1],{},"{""topRight"":790,""topLeft"":654,""bottomRight"":528,""bottomLeft"":287,""middle"":470,""inTarget"":false}",0.20190895741556533,1.2200328407224958,228.0,3.4748192811463814,3.4748192811463814,20161227015854,"Tue, 27 Dec 2016 01:58:54 +0100","Mozilla/5.0 (Macintosh; Intel Mac OS X 10_11_6) AppleWebKit/537.36 (KHTML, like Gecko) Chrome/55.0.2883.95 Safari/537.36",1366x768,1362x609,1347x2111,4cih7v0bbet3oe48utt6e65hb3-dd-top_left,4cih7v0bbet3oe48utt6e65hb3,0,5
0,1482800518884,297,527,mousemove,//*[@id='rso']/div[1]/div[1]/div/h3/a,{},"{""topRight"":613,""topLeft"":454,""bottomRight"":446,""bottomLeft"":172,""middle"":265,""inTarget"":false}",0.21806167400881057,0.8653530377668309,152.0,1.4284044718426414,-2.04641480930374,20161227015854,"Tue, 27 Dec 2016 01:58:54 +0100","Mozilla/5.0 (Macintosh; Intel Mac OS X 10_11_6) AppleWebKit/537.36 (KHTML, like Gecko) Chrome/55.0.2883.95 Safari/537.36",1366x768,1362x609,1347x2111,4cih7v0bbet3oe48utt6e65hb3-dd-top_left,4cih7v0bbet3oe48utt6e65hb3,0,5
0,1482800519108,297,526,mousemove,//*[@id='rso']/div[1]/div[1]/div/h3/a,{},"{""topRight"":612,""topLeft"":453,""bottomRight"":446,""bottomLeft"":172,""middle"":264,""inTarget"":false}",0.21806167400881057,0.8637110016420362,224.0,0.004464285714285714,-1.4239401861283556,20161227015854,"Tue, 27 Dec 2016 01:58:54 +0100","Mozilla/5.0 (Macintosh; Intel Mac OS X 10_11_6) AppleWebKit/537.36 (KHTML, like Gecko) Chrome/55.0.2883.95 Safari/537.36",1366x768,1362x609,1347x2111,4cih7v0bbet3oe48utt6e65hb3-dd-top_left,4cih7v0bbet3oe48utt6e65hb3,0,5
0,1482800519364,318,519,mousemove,//*[@id='rso']/div[1]/div[1]/div/h3/a,{},"{""topRight"":592,""topLeft"":455,""bottomRight"":425,""bottomLeft"":191,""middle"":247,""inTarget"":false}",0.23348017621145375,0.8522167487684729,256.0,0.08646852977022912,0.0820042440559434,20161227015854,"Tue, 27 Dec 2016 01:58:54 +0100","Mozilla/5.0 (Macintosh; Intel Mac OS X 10_11_6) AppleWebKit/537.36 (KHTML, like Gecko) Chrome/55.0.2883.95 Safari/537.36",1366x768,1362x609,1347x2111,4cih7v0bbet3oe48utt6e65hb3-dd-top_left,4cih7v0bbet3oe48utt6e65hb3,0,5
0,1482800519629,318,521,mousemove,//*[@id='rso']/div[1]/div[1]/div/h3/a,{},"{""topRight"":593,""topLeft"":456,""bottomRight"":425,""bottomLeft"":192,""middle"":249,""inTarget"":false}",0.23348017621145375,0.8555008210180624,265.0,0.007547169811320755,-0.07892135995890837,20161227015854,"Tue, 27 Dec 2016 01:58:54 +0100","Mozilla/5.0 (Macintosh; Intel Mac OS X 10_11_6) AppleWebKit/537.36 (KHTML, like Gecko) Chrome/55.0.2883.95 Safari/537.36",1366x768,1362x609,1347x2111,4cih7v0bbet3oe48utt6e65hb3-dd-top_left,4cih7v0bbet3oe48utt6e65hb3,0,5
0,1482800519878,318,521,mousedown,//*[@id='rso']/div[1]/div[1]/div/h3/a,{},"{""topRight"":593,""topLeft"":456,""bottomRight"":425,""bottomLeft"":192,""middle"":249,""inTarget"":false}",0.23348017621145375,0.8555008210180624,249.0,0.0,-0.007547169811320755,20161227015854,"Tue, 27 Dec 2016 01:58:54 +0100","Mozilla/5.0 (Macintosh; Intel Mac OS X 10_11_6) AppleWebKit/537.36 (KHTML, like Gecko) Chrome/55.0.2883.95 Safari/537.36",1366x768,1362x609,1347x2111,4cih7v0bbet3oe48utt6e65hb3-dd-top_left,4cih7v0bbet3oe48utt6e65hb3,0,5
0,1482800519958,318,521,mouseup,//*[@id='rso']/div[1]/div[1]/div/h3/a,{},"{""topRight"":593,""topLeft"":456,""bottomRight"":425,""bottomLeft"":192,""middle"":249,""inTarget"":false}",0.23348017621145375,0.8555008210180624,80.0,0.0,0.0,20161227015854,"Tue, 27 Dec 2016 01:58:54 +0100","Mozilla/5.0 (Macintosh; Intel Mac OS X 10_11_6) AppleWebKit/537.36 (KHTML, like Gecko) Chrome/55.0.2883.95 Safari/537.36",1366x768,1362x609,1347x2111,4cih7v0bbet3oe48utt6e65hb3-dd-top_left,4cih7v0bbet3oe48utt6e65hb3,0,5
0,1482800519959,318,521,click,//*[@id='rso']/div[1]/div[1]/div/h3/a,{},"{""topRight"":593,""topLeft"":456,""bottomRight"":425,""bottomLeft"":192,""middle"":249,""inTarget"":false}",0.23348017621145375,0.8555008210180624,1.0,0.0,0.0,20161227015854,"Tue, 27 Dec 2016 01:58:54 +0100","Mozilla/5.0 (Macintosh; Intel Mac OS X 10_11_6) AppleWebKit/537.36 (KHTML, like Gecko) Chrome/55.0.2883.95 Safari/537.36",1366x768,1362x609,1347x2111,4cih7v0bbet3oe48utt6e65hb3-dd-top_left,4cih7v0bbet3oe48utt6e65hb3,0,5
0,1482800519959,0,0,beforeunload,/,{},{},0.0,0.0,0.0,0.0,0.0,20161227015854,"Tue, 27 Dec 2016 01:58:54 +0100","Mozilla/5.0 (Macintosh; Intel Mac OS X 10_11_6) AppleWebKit/537.36 (KHTML, like Gecko) Chrome/55.0.2883.95 Safari/537.36",1366x768,1362x609,1347x2111,4cih7v0bbet3oe48utt6e65hb3-dd-top_left,4cih7v0bbet3oe48utt6e65hb3,0,5
0,1482800520155,0,0,unload,/,{},{},0.0,0.0,196.0,0.0,0.0,20161227015854,"Tue, 27 Dec 2016 01:58:54 +0100","Mozilla/5.0 (Macintosh; Intel Mac OS X 10_11_6) AppleWebKit/537.36 (KHTML, like Gecko) Chrome/55.0.2883.95 Safari/537.36",1366x768,1362x609,1347x2111,4cih7v0bbet3oe48utt6e65hb3-dd-top_left,4cih7v0bbet3oe48utt6e65hb3,0,5
