cursor,timestamp,xpos,ypos,event,xpath,attrs,extras,xpos_scaled,ypos_scaled,timestamp_diff,speed,acceleration,log_id,date,ua,screen,window,document,task,user_id,ad_clicked,attention
0,1483165645368,0,0,load,/,{},{},0.0,0.0,1.0,0.0,0.0,20161231072730,"Sat, 31 Dec 2016 07:27:30 +0100","Mozilla/5.0 (Windows NT 6.1; Win64; x64) AppleWebKit/537.36 (KHTML, like Gecko) Chrome/55.0.2883.87 Safari/537.36",1366x768,1366x638,1349x1772,640e6d1sdv38vg262s8ieitnn5-native-top_left,640e6d1sdv38vg262s8ieitnn5,0,5
0,1483165645829,787,376,mousemove,//*[@id='rcnt'],{},"{""topRight"":279,""topLeft"":714,""bottomRight"":163,""bottomLeft"":677,""middle"":412,""inTarget"":false}",0.5761346998535871,0.5893416927899686,461.0,1.8919890907817407,1.8919890907817407,20161231072730,"Sat, 31 Dec 2016 07:27:30 +0100","Mozilla/5.0 (Windows NT 6.1; Win64; x64) AppleWebKit/537.36 (KHTML, like Gecko) Chrome/55.0.2883.87 Safari/537.36",1366x768,1366x638,1349x1772,640e6d1sdv38vg262s8ieitnn5-native-top_left,640e6d1sdv38vg262s8ieitnn5,0,5
0,1483165654942,0,0,scroll,/,{},{},0.0,0.0,9113.0,0.09571019102934078,-1.7962788997524,20161231072730,"Sat, 31 Dec 2016 07:27:30 +0100","Mozilla/5.0 (Windows NT 6.1; Win64; x64) AppleWebKit/537.36 (KHTML, like Gecko) Chrome/55.0.2883.87 Safari/537.36",1366x768,1366x638,1349x1772,640e6d1sdv38vg262s8ieitnn5-native-top_left,640e6d1sdv38vg262s8ieitnn5,0,5
0,1483165655092,0,0,scroll,/,{},{},0.0,0.0,150.0,0.0,-0.09571019102934078,20161231072730,"Sat, 31 Dec 2016 07:27:30 +0100","Mozilla/5.0 (Windows NT 6.1; Win64; x64) AppleWebKit/537.36 (KHTML, like Gecko) Chrome/55.0.2883.87 Safari/537.36",1366x768,1366x638,1349x1772,640e6d1sdv38vg262s8ieitnn5-native-top_left,640e6d1sdv38vg262s8ieitnn5,0,5
0,1483165655258,0,0,scroll,/,{},{},0.0,0.0,166.0,0.0,0.0,20161231072730,"Sat, 31 Dec 2016 07:27:30 +0100","Mozilla/5.0 (Windows NT 6.1; Win64; x64) AppleWebKit/537.36 (KHTML, like Gecko) Chrome/55.0.2883.87 Safari/537.36",1366x768,1366x638,1349x1772,640e6d1sdv38vg262s8ieitnn5-native-top_left,640e6d1sdv38vg262s8ieitnn5,0,5
0,1483165655424,0,0,scroll,/,{},{},0.0,0.0,166.0,0.0,0.0,20161231072730,"Sat, 31 Dec 2016 07:27:30 +0100","Mozilla/5.0 (Windows NT 6.1; Win64; x64) AppleWebKit/537.36 (KHTML, like Gecko) Chrome/55.0.2883.87 Safari/537.36",1366x768,1366x638,1349x1772,640e6d1sdv38vg262s8ieitnn5-native-top_left,640e6d1sdv38vg262s8ieitnn5,0,5
0,1483165655660,787,537,mousemove,//*[@id='rcnt'],{},"{""topRight"":439,""topLeft"":791,""bottomRight"":321,""bottomLeft"":732,""middle"":515,""inTarget"":false}",0.5761346998535871,0.841692789968652,236.0,4.037088362616371,4.037088362616371,20161231072730,"Sat, 31 Dec 2016 07:27:30 +0100","Mozilla/5.0 (Windows NT 6.1; Win64; x64) AppleWebKit/537.36 (KHTML, like Gecko) Chrome/55.0.2883.87 Safari/537.36",1366x768,1366x638,1349x1772,640e6d1sdv38vg262s8ieitnn5-native-top_left,640e6d1sdv38vg262s8ieitnn5,0,5
0,1483165656454,0,0,scroll,/,{},{},0.0,0.0,794.0,1.1999406216340853,-2.837147740982286,20161231072730,"Sat, 31 Dec 2016 07:27:30 +0100","Mozilla/5.0 (Windows NT 6.1; Win64; x64) AppleWebKit/537.36 (KHTML, like Gecko) Chrome/55.0.2883.87 Safari/537.36",1366x768,1366x638,1349x1772,640e6d1sdv38vg262s8ieitnn5-native-top_left,640e6d1sdv38vg262s8ieitnn5,0,5
0,1483165656604,0,0,scroll,/,{},{},0.0,0.0,150.0,0.0,-1.1999406216340853,20161231072730,"Sat, 31 Dec 2016 07:27:30 +0100","Mozilla/5.0 (Windows NT 6.1; Win64; x64) AppleWebKit/537.36 (KHTML, like Gecko) Chrome/55.0.2883.87 Safari/537.36",1366x768,1366x638,1349x1772,640e6d1sdv38vg262s8ieitnn5-native-top_left,640e6d1sdv38vg262s8ieitnn5,0,5
0,1483165656754,0,0,scroll,/,{},{},0.0,0.0,150.0,0.0,0.0,20161231072730,"Sat, 31 Dec 2016 07:27:30 +0100","Mozilla/5.0 (Windows NT 6.1; Win64; x64) AppleWebKit/537.36 (KHTML, like Gecko) Chrome/55.0.2883.87 Safari/537.36",1366x768,1366x638,1349x1772,640e6d1sdv38vg262s8ieitnn5-native-top_left,640e6d1sdv38vg262s8ieitnn5,0,5
0,1483165656967,787,376,mousemove,//*[@id='rcnt'],{},"{""topRight"":279,""topLeft"":714,""bottomRight"":163,""bottomLeft"":677,""middle"":412,""inTarget"":false}",0.5761346998535871,0.5893416927899686,213.0,4.094868407748275,4.094868407748275,20161231072730,"Sat, 31 Dec 2016 07:27:30 +0100","Mozilla/5.0 (Windows NT 6.1; Win64; x64) AppleWebKit/537.36 (KHTML, like Gecko) Chrome/55.0.2883.87 Safari/537.36",1366x768,1366x638,1349x1772,640e6d1sdv38vg262s8ieitnn5-native-top_left,640e6d1sdv38vg262s8ieitnn5,0,5
0,1483165661413,786,376,mousemove,//*[@id='rcnt'],{},"{""topRight"":279,""topLeft"":714,""bottomRight"":163,""bottomLeft"":676,""middle"":412,""inTarget"":false}",0.575402635431918,0.5893416927899686,4446.0,0.0002249212775528565,-4.094643486470722,20161231072730,"Sat, 31 Dec 2016 07:27:30 +0100","Mozilla/5.0 (Windows NT 6.1; Win64; x64) AppleWebKit/537.36 (KHTML, like Gecko) Chrome/55.0.2883.87 Safari/537.36",1366x768,1366x638,1349x1772,640e6d1sdv38vg262s8ieitnn5-native-top_left,640e6d1sdv38vg262s8ieitnn5,0,5
0,1483165661569,779,374,mousemove,//*[@id='rcnt'],{},"{""topRight"":276,""topLeft"":706,""bottomRight"":159,""bottomLeft"":669,""middle"":405,""inTarget"":false}",0.5702781844802343,0.5862068965517241,156.0,0.046667371085131526,0.04644244980757867,20161231072730,"Sat, 31 Dec 2016 07:27:30 +0100","Mozilla/5.0 (Windows NT 6.1; Win64; x64) AppleWebKit/537.36 (KHTML, like Gecko) Chrome/55.0.2883.87 Safari/537.36",1366x768,1366x638,1349x1772,640e6d1sdv38vg262s8ieitnn5-native-top_left,640e6d1sdv38vg262s8ieitnn5,0,5
0,1483165661734,633,336,mousemove,//*[@id='rso']/div[1]/div[2]/div/h3,{},"{""topRight"":261,""topLeft"":557,""bottomRight"":161,""bottomLeft"":518,""middle"":265,""inTarget"":false}",0.4633967789165447,0.5266457680250783,165.0,0.9143283474252659,0.8676609763401344,20161231072730,"Sat, 31 Dec 2016 07:27:30 +0100","Mozilla/5.0 (Windows NT 6.1; Win64; x64) AppleWebKit/537.36 (KHTML, like Gecko) Chrome/55.0.2883.87 Safari/537.36",1366x768,1366x638,1349x1772,640e6d1sdv38vg262s8ieitnn5-native-top_left,640e6d1sdv38vg262s8ieitnn5,0,5
0,1483165662304,614,335,mousemove,//*[@id='rso']/div[1]/div[2]/div/h3,{},"{""topRight"":269,""topLeft"":540,""bottomRight"":174,""bottomLeft"":500,""middle"":250,""inTarget"":false}",0.4494875549048316,0.5250783699059561,570.0,0.033379469456913065,-0.8809488779683529,20161231072730,"Sat, 31 Dec 2016 07:27:30 +0100","Mozilla/5.0 (Windows NT 6.1; Win64; x64) AppleWebKit/537.36 (KHTML, like Gecko) Chrome/55.0.2883.87 Safari/537.36",1366x768,1366x638,1349x1772,640e6d1sdv38vg262s8ieitnn5-native-top_left,640e6d1sdv38vg262s8ieitnn5,0,5
0,1483165662467,458,265,mousemove,//*[@id='rso']/div[1]/div[1]/div/div/div/span,{},"{""topRight"":330,""topLeft"":369,""bottomRight"":290,""bottomLeft"":333,""middle"":108,""inTarget"":false}",0.33528550512445093,0.4153605015673981,163.0,1.0489900582327116,1.0156105887757985,20161231072730,"Sat, 31 Dec 2016 07:27:30 +0100","Mozilla/5.0 (Windows NT 6.1; Win64; x64) AppleWebKit/537.36 (KHTML, like Gecko) Chrome/55.0.2883.87 Safari/537.36",1366x768,1366x638,1349x1772,640e6d1sdv38vg262s8ieitnn5-native-top_left,640e6d1sdv38vg262s8ieitnn5,0,5
0,1483165662621,411,249,mousemove,//*[@id='rso']/div[1]/div[1]/div/div/div/div,{},"{""topRight"":365,""topLeft"":320,""bottomRight"":334,""bottomLeft"":285,""middle"":93,""inTarget"":false}",0.3008784773060029,0.390282131661442,154.0,0.32239458668328336,-0.7265954715494283,20161231072730,"Sat, 31 Dec 2016 07:27:30 +0100","Mozilla/5.0 (Windows NT 6.1; Win64; x64) AppleWebKit/537.36 (KHTML, like Gecko) Chrome/55.0.2883.87 Safari/537.36",1366x768,1366x638,1349x1772,640e6d1sdv38vg262s8ieitnn5-native-top_left,640e6d1sdv38vg262s8ieitnn5,0,5
0,1483165662785,403,248,mousemove,//*[@id='rso']/div[1]/div[1]/div/div/div/div,{},"{""topRight"":372,""topLeft"":312,""bottomRight"":342,""bottomLeft"":277,""middle"":94,""inTarget"":false}",0.29502196193265007,0.3887147335423197,164.0,0.04916010822133262,-0.27323447846195076,20161231072730,"Sat, 31 Dec 2016 07:27:30 +0100","Mozilla/5.0 (Windows NT 6.1; Win64; x64) AppleWebKit/537.36 (KHTML, like Gecko) Chrome/55.0.2883.87 Safari/537.36",1366x768,1366x638,1349x1772,640e6d1sdv38vg262s8ieitnn5-native-top_left,640e6d1sdv38vg262s8ieitnn5,0,5
0,1483165662938,389,242,mousemove,//*[@id='rso']/div[1]/div[1]/div/h3/a,{},"{""topRight"":382,""topLeft"":297,""bottomRight"":356,""bottomLeft"":262,""middle"":95,""inTarget"":false}",0.2847730600292826,0.3793103448275862,153.0,0.09955258961913606,0.05039248139780344,20161231072730,"Sat, 31 Dec 2016 07:27:30 +0100","Mozilla/5.0 (Windows NT 6.1; Win64; x64) AppleWebKit/537.36 (KHTML, like Gecko) Chrome/55.0.2883.87 Safari/537.36",1366x768,1366x638,1349x1772,640e6d1sdv38vg262s8ieitnn5-native-top_left,640e6d1sdv38vg262s8ieitnn5,0,5
0,1483165663102,379,236,mousemove,//*[@id='rso']/div[1]/div[1]/div/h3/a,{},"{""topRight"":390,""topLeft"":285,""bottomRight"":365,""bottomLeft"":252,""middle"":95,""inTarget"":false}",0.2774524158125915,0.36990595611285265,164.0,0.07110916944933293,-0.028443420169803127,20161231072730,"Sat, 31 Dec 2016 07:27:30 +0100","Mozilla/5.0 (Windows NT 6.1; Win64; x64) AppleWebKit/537.36 (KHTML, like Gecko) Chrome/55.0.2883.87 Safari/537.36",1366x768,1366x638,1349x1772,640e6d1sdv38vg262s8ieitnn5-native-top_left,640e6d1sdv38vg262s8ieitnn5,0,5
0,1483165663330,378,236,mousedown,//*[@id='rso']/div[1]/div[1]/div/h3/a,{},"{""topRight"":390,""topLeft"":285,""bottomRight"":366,""bottomLeft"":251,""middle"":96,""inTarget"":false}",0.2767203513909224,0.36990595611285265,228.0,0.0043859649122807015,-0.06672320453705223,20161231072730,"Sat, 31 Dec 2016 07:27:30 +0100","Mozilla/5.0 (Windows NT 6.1; Win64; x64) AppleWebKit/537.36 (KHTML, like Gecko) Chrome/55.0.2883.87 Safari/537.36",1366x768,1366x638,1349x1772,640e6d1sdv38vg262s8ieitnn5-native-top_left,640e6d1sdv38vg262s8ieitnn5,0,5
0,1483165663427,378,236,mouseup,//*[@id='rso']/div[1]/div[1]/div/h3/a,{},"{""topRight"":390,""topLeft"":285,""bottomRight"":366,""bottomLeft"":251,""middle"":96,""inTarget"":false}",0.2767203513909224,0.36990595611285265,97.0,0.0,-0.0043859649122807015,20161231072730,"Sat, 31 Dec 2016 07:27:30 +0100","Mozilla/5.0 (Windows NT 6.1; Win64; x64) AppleWebKit/537.36 (KHTML, like Gecko) Chrome/55.0.2883.87 Safari/537.36",1366x768,1366x638,1349x1772,640e6d1sdv38vg262s8ieitnn5-native-top_left,640e6d1sdv38vg262s8ieitnn5,0,5
0,1483165663430,378,236,click,//*[@id='rso']/div[1]/div[1]/div/h3/a,{},"{""topRight"":390,""topLeft"":285,""bottomRight"":366,""bottomLeft"":251,""middle"":96,""inTarget"":false}",0.2767203513909224,0.36990595611285265,3.0,0.0,0.0,20161231072730,"Sat, 31 Dec 2016 07:27:30 +0100","Mozilla/5.0 (Windows NT 6.1; Win64; x64) AppleWebKit/537.36 (KHTML, like Gecko) Chrome/55.0.2883.87 Safari/537.36",1366x768,1366x638,1349x1772,640e6d1sdv38vg262s8ieitnn5-native-top_left,640e6d1sdv38vg262s8ieitnn5,0,5
0,1483165663433,0,0,beforeunload,/,{},{},0.0,0.0,3.0,148.54105306091122,148.54105306091122,20161231072730,"Sat, 31 Dec 2016 07:27:30 +0100","Mozilla/5.0 (Windows NT 6.1; Win64; x64) AppleWebKit/537.36 (KHTML, like Gecko) Chrome/55.0.2883.87 Safari/537.36",1366x768,1366x638,1349x1772,640e6d1sdv38vg262s8ieitnn5-native-top_left,640e6d1sdv38vg262s8ieitnn5,0,5
0,1483165663598,391,236,mousemove,//*[@id='rso']/div[1]/div[1]/div/h3/a,{},"{""topRight"":378,""topLeft"":296,""bottomRight"":353,""bottomLeft"":264,""middle"":89,""inTarget"":false}",0.2862371888726208,0.36990595611285265,165.0,2.7678927881486004,-145.77316027276262,20161231072730,"Sat, 31 Dec 2016 07:27:30 +0100","Mozilla/5.0 (Windows NT 6.1; Win64; x64) AppleWebKit/537.36 (KHTML, like Gecko) Chrome/55.0.2883.87 Safari/537.36",1366x768,1366x638,1349x1772,640e6d1sdv38vg262s8ieitnn5-native-top_left,640e6d1sdv38vg262s8ieitnn5,0,5
0,1483165663711,0,0,unload,/,{},{},0.0,0.0,113.0,4.041613363225832,1.273720575077232,20161231072730,"Sat, 31 Dec 2016 07:27:30 +0100","Mozilla/5.0 (Windows NT 6.1; Win64; x64) AppleWebKit/537.36 (KHTML, like Gecko) Chrome/55.0.2883.87 Safari/537.36",1366x768,1366x638,1349x1772,640e6d1sdv38vg262s8ieitnn5-native-top_left,640e6d1sdv38vg262s8ieitnn5,0,5
