cursor,timestamp,xpos,ypos,event,xpath,attrs,extras,xpos_scaled,ypos_scaled,timestamp_diff,speed,acceleration,log_id,date,ua,screen,window,document,task,user_id,ad_clicked,attention
0,1483734201649,0,0,load,/,{},{},0.0,0.0,1.0,0.0,0.0,20170106212155,"Fri, 06 Jan 2017 21:21:55 +0100","Mozilla/5.0 (Windows NT 10.0; Win64; x64) AppleWebKit/537.36 (KHTML, like Gecko) Chrome/56.0.2924.51 Safari/537.36",1366x768,1366x638,1349x1625,8d8fkjig3t73ma2rpavpe9kar1-dd-top_right,8d8fkjig3t73ma2rpavpe9kar1,0,2
0,1483734202921,485,43,mouseover,//*[@id='sfdiv'],{},"{""topRight"":762,""topLeft"":311,""bottomRight"":900,""bottomLeft"":571,""middle"":598,""inTarget"":false}",0.35505124450951686,0.06739811912225706,1272.0,0.38278494834634114,0.38278494834634114,20170106212155,"Fri, 06 Jan 2017 21:21:55 +0100","Mozilla/5.0 (Windows NT 10.0; Win64; x64) AppleWebKit/537.36 (KHTML, like Gecko) Chrome/56.0.2924.51 Safari/537.36",1366x768,1366x638,1349x1625,8d8fkjig3t73ma2rpavpe9kar1-dd-top_right,8d8fkjig3t73ma2rpavpe9kar1,0,2
0,1483734203186,485,368,mousemove,//*[@id='rso']/div[1]/div[3]/div/div/div/span,{},"{""topRight"":803,""topLeft"":402,""bottomRight"":775,""bottomLeft"":343,""middle"":535,""inTarget"":false}",0.35505124450951686,0.5768025078369906,265.0,1.2264150943396226,0.8436301459932815,20170106212155,"Fri, 06 Jan 2017 21:21:55 +0100","Mozilla/5.0 (Windows NT 10.0; Win64; x64) AppleWebKit/537.36 (KHTML, like Gecko) Chrome/56.0.2924.51 Safari/537.36",1366x768,1366x638,1349x1625,8d8fkjig3t73ma2rpavpe9kar1-dd-top_right,8d8fkjig3t73ma2rpavpe9kar1,0,2
0,1483734204307,485,369,mousemove,//*[@id='rso']/div[1]/div[3]/div/div/div/span,{},"{""topRight"":803,""topLeft"":403,""bottomRight"":775,""bottomLeft"":343,""middle"":535,""inTarget"":false}",0.35505124450951686,0.5783699059561128,1121.0,0.0008920606601248885,-1.2255230336794978,20170106212155,"Fri, 06 Jan 2017 21:21:55 +0100","Mozilla/5.0 (Windows NT 10.0; Win64; x64) AppleWebKit/537.36 (KHTML, like Gecko) Chrome/56.0.2924.51 Safari/537.36",1366x768,1366x638,1349x1625,8d8fkjig3t73ma2rpavpe9kar1-dd-top_right,8d8fkjig3t73ma2rpavpe9kar1,0,2
0,1483734204466,473,46,mouseover,//*[@id='sfdiv'],{},"{""topRight"":773,""topLeft"":323,""bottomRight"":908,""bottomLeft"":575,""middle"":607,""inTarget"":false}",0.3462664714494876,0.07210031347962383,159.0,2.032848008502223,2.031955947842098,20170106212155,"Fri, 06 Jan 2017 21:21:55 +0100","Mozilla/5.0 (Windows NT 10.0; Win64; x64) AppleWebKit/537.36 (KHTML, like Gecko) Chrome/56.0.2924.51 Safari/537.36",1366x768,1366x638,1349x1625,8d8fkjig3t73ma2rpavpe9kar1-dd-top_right,8d8fkjig3t73ma2rpavpe9kar1,0,2
0,1483734205723,0,0,blur,/,{},{},0.0,0.0,1257.0,0.3780680370115322,-1.6547799714906908,20170106212155,"Fri, 06 Jan 2017 21:21:55 +0100","Mozilla/5.0 (Windows NT 10.0; Win64; x64) AppleWebKit/537.36 (KHTML, like Gecko) Chrome/56.0.2924.51 Safari/537.36",1366x768,1366x638,1349x1625,8d8fkjig3t73ma2rpavpe9kar1-dd-top_right,8d8fkjig3t73ma2rpavpe9kar1,0,2
0,1483734213550,0,0,focus,/,{},{},0.0,0.0,7827.0,0.0,-0.3780680370115322,20170106212155,"Fri, 06 Jan 2017 21:21:55 +0100","Mozilla/5.0 (Windows NT 10.0; Win64; x64) AppleWebKit/537.36 (KHTML, like Gecko) Chrome/56.0.2924.51 Safari/537.36",1366x768,1366x638,1349x1625,8d8fkjig3t73ma2rpavpe9kar1-dd-top_right,8d8fkjig3t73ma2rpavpe9kar1,0,2
0,1483734214625,545,3,mouseover,//*[@id='searchform']/div/div,{},"{""topRight"":707,""topLeft"":266,""bottomRight"":873,""bottomLeft"":578,""middle"":566,""inTarget"":false}",0.3989751098096633,0.004702194357366771,1075.0,0.5069844249471516,0.5069844249471516,20170106212155,"Fri, 06 Jan 2017 21:21:55 +0100","Mozilla/5.0 (Windows NT 10.0; Win64; x64) AppleWebKit/537.36 (KHTML, like Gecko) Chrome/56.0.2924.51 Safari/537.36",1366x768,1366x638,1349x1625,8d8fkjig3t73ma2rpavpe9kar1-dd-top_right,8d8fkjig3t73ma2rpavpe9kar1,0,2
0,1483734214777,411,100,mouseover,//*[@id='tads'],{},"{""topRight"":833,""topLeft"":379,""bottomRight"":936,""bottomLeft"":570,""middle"":643,""inTarget"":false}",0.3008784773060029,0.15673981191222572,152.0,1.0883138054155943,0.5813293804684427,20170106212155,"Fri, 06 Jan 2017 21:21:55 +0100","Mozilla/5.0 (Windows NT 10.0; Win64; x64) AppleWebKit/537.36 (KHTML, like Gecko) Chrome/56.0.2924.51 Safari/537.36",1366x768,1366x638,1349x1625,8d8fkjig3t73ma2rpavpe9kar1-dd-top_right,8d8fkjig3t73ma2rpavpe9kar1,0,2
0,1483734215203,393,114,mousemove,//*[@id='rso']/div[1]/div[1]/div/h3/a,{},"{""topRight"":851,""topLeft"":397,""bottomRight"":945,""bottomLeft"":572,""middle"":656,""inTarget"":false}",0.287701317715959,0.1786833855799373,426.0,0.0535293626807107,-1.0347844427348836,20170106212155,"Fri, 06 Jan 2017 21:21:55 +0100","Mozilla/5.0 (Windows NT 10.0; Win64; x64) AppleWebKit/537.36 (KHTML, like Gecko) Chrome/56.0.2924.51 Safari/537.36",1366x768,1366x638,1349x1625,8d8fkjig3t73ma2rpavpe9kar1-dd-top_right,8d8fkjig3t73ma2rpavpe9kar1,0,2
0,1483734215363,383,118,mousemove,//*[@id='rso']/div[1]/div[1]/div/h3/a,{},"{""topRight"":861,""topLeft"":407,""bottomRight"":953,""bottomLeft"":576,""middle"":664,""inTarget"":false}",0.28038067349926793,0.18495297805642633,160.0,0.0673145600891813,0.013785197408470597,20170106212155,"Fri, 06 Jan 2017 21:21:55 +0100","Mozilla/5.0 (Windows NT 10.0; Win64; x64) AppleWebKit/537.36 (KHTML, like Gecko) Chrome/56.0.2924.51 Safari/537.36",1366x768,1366x638,1349x1625,8d8fkjig3t73ma2rpavpe9kar1-dd-top_right,8d8fkjig3t73ma2rpavpe9kar1,0,2
0,1483734215522,377,120,mousemove,//*[@id='rso']/div[1]/div[1]/div/h3/a,{},"{""topRight"":867,""topLeft"":413,""bottomRight"":957,""bottomLeft"":579,""middle"":669,""inTarget"":false}",0.2759882869692533,0.18808777429467086,159.0,0.03977707748639471,-0.027537482602786587,20170106212155,"Fri, 06 Jan 2017 21:21:55 +0100","Mozilla/5.0 (Windows NT 10.0; Win64; x64) AppleWebKit/537.36 (KHTML, like Gecko) Chrome/56.0.2924.51 Safari/537.36",1366x768,1366x638,1349x1625,8d8fkjig3t73ma2rpavpe9kar1-dd-top_right,8d8fkjig3t73ma2rpavpe9kar1,0,2
0,1483734215673,362,123,mousemove,//*[@id='rso']/div[1]/div[1]/div/h3/a,{},"{""topRight"":882,""topLeft"":428,""bottomRight"":970,""bottomLeft"":588,""middle"":683,""inTarget"":false}",0.26500732064421667,0.19278996865203762,151.0,0.10130502344886327,0.061527945962468564,20170106212155,"Fri, 06 Jan 2017 21:21:55 +0100","Mozilla/5.0 (Windows NT 10.0; Win64; x64) AppleWebKit/537.36 (KHTML, like Gecko) Chrome/56.0.2924.51 Safari/537.36",1366x768,1366x638,1349x1625,8d8fkjig3t73ma2rpavpe9kar1-dd-top_right,8d8fkjig3t73ma2rpavpe9kar1,0,2
0,1483734215834,338,127,mousemove,//*[@id='rso']/div[1]/div[1]/div/h3/a,{},"{""topRight"":906,""topLeft"":452,""bottomRight"":990,""bottomLeft"":603,""middle"":705,""inTarget"":false}",0.24743777452415813,0.19905956112852666,161.0,0.15112453491424147,0.04981951146537819,20170106212155,"Fri, 06 Jan 2017 21:21:55 +0100","Mozilla/5.0 (Windows NT 10.0; Win64; x64) AppleWebKit/537.36 (KHTML, like Gecko) Chrome/56.0.2924.51 Safari/537.36",1366x768,1366x638,1349x1625,8d8fkjig3t73ma2rpavpe9kar1-dd-top_right,8d8fkjig3t73ma2rpavpe9kar1,0,2
0,1483734216153,334,127,mousemove,//*[@id='rso']/div[1]/div[1]/div/h3/a,{},"{""topRight"":910,""topLeft"":456,""bottomRight"":994,""bottomLeft"":606,""middle"":709,""inTarget"":false}",0.2445095168374817,0.19905956112852666,319.0,0.012539184952978056,-0.1385853499612634,20170106212155,"Fri, 06 Jan 2017 21:21:55 +0100","Mozilla/5.0 (Windows NT 10.0; Win64; x64) AppleWebKit/537.36 (KHTML, like Gecko) Chrome/56.0.2924.51 Safari/537.36",1366x768,1366x638,1349x1625,8d8fkjig3t73ma2rpavpe9kar1-dd-top_right,8d8fkjig3t73ma2rpavpe9kar1,0,2
0,1483734216306,295,134,mousemove,//*[@id='rso']/div[1]/div[1]/div/div/div/div/cite,{},"{""topRight"":949,""topLeft"":496,""bottomRight"":1027,""bottomLeft"":631,""middle"":745,""inTarget"":false}",0.21595900439238652,0.21003134796238246,153.0,0.25897533014586865,0.2464361451928906,20170106212155,"Fri, 06 Jan 2017 21:21:55 +0100","Mozilla/5.0 (Windows NT 10.0; Win64; x64) AppleWebKit/537.36 (KHTML, like Gecko) Chrome/56.0.2924.51 Safari/537.36",1366x768,1366x638,1349x1625,8d8fkjig3t73ma2rpavpe9kar1-dd-top_right,8d8fkjig3t73ma2rpavpe9kar1,0,2
0,1483734216457,272,140,mousemove,//*[@id='rso']/div[1]/div[1]/div/div/div/div/cite,{},"{""topRight"":973,""topLeft"":519,""bottomRight"":1046,""bottomLeft"":646,""middle"":766,""inTarget"":false}",0.19912152269399708,0.219435736677116,151.0,0.1574154215099962,-0.10155990863587244,20170106212155,"Fri, 06 Jan 2017 21:21:55 +0100","Mozilla/5.0 (Windows NT 10.0; Win64; x64) AppleWebKit/537.36 (KHTML, like Gecko) Chrome/56.0.2924.51 Safari/537.36",1366x768,1366x638,1349x1625,8d8fkjig3t73ma2rpavpe9kar1-dd-top_right,8d8fkjig3t73ma2rpavpe9kar1,0,2
0,1483734216650,248,149,mousemove,//*[@id='rso']/div[1]/div[1]/div/div/div/div/cite,{},"{""topRight"":997,""topLeft"":544,""bottomRight"":1065,""bottomLeft"":660,""middle"":787,""inTarget"":false}",0.1815519765739385,0.2335423197492163,193.0,0.13280834837281136,-0.024607073137184854,20170106212155,"Fri, 06 Jan 2017 21:21:55 +0100","Mozilla/5.0 (Windows NT 10.0; Win64; x64) AppleWebKit/537.36 (KHTML, like Gecko) Chrome/56.0.2924.51 Safari/537.36",1366x768,1366x638,1349x1625,8d8fkjig3t73ma2rpavpe9kar1-dd-top_right,8d8fkjig3t73ma2rpavpe9kar1,0,2
0,1483734216802,239,168,mouseover,//*[@id='rso']/div[1]/div[1]/div/div/div,{},"{""topRight"":1007,""topLeft"":554,""bottomRight"":1067,""bottomLeft"":657,""middle"":792,""inTarget"":false}",0.17496339677891654,0.26332288401253917,152.0,0.13831444764229367,0.005506099269482312,20170106212155,"Fri, 06 Jan 2017 21:21:55 +0100","Mozilla/5.0 (Windows NT 10.0; Win64; x64) AppleWebKit/537.36 (KHTML, like Gecko) Chrome/56.0.2924.51 Safari/537.36",1366x768,1366x638,1349x1625,8d8fkjig3t73ma2rpavpe9kar1-dd-top_right,8d8fkjig3t73ma2rpavpe9kar1,0,2
0,1483734216961,232,192,mousemove,//*[@id='rso']/div[1],{},"{""topRight"":1016,""topLeft"":565,""bottomRight"":1066,""bottomLeft"":650,""middle"":795,""inTarget"":false}",0.1698389458272328,0.30094043887147337,159.0,0.15723270440251572,0.018918256760222046,20170106212155,"Fri, 06 Jan 2017 21:21:55 +0100","Mozilla/5.0 (Windows NT 10.0; Win64; x64) AppleWebKit/537.36 (KHTML, like Gecko) Chrome/56.0.2924.51 Safari/537.36",1366x768,1366x638,1349x1625,8d8fkjig3t73ma2rpavpe9kar1-dd-top_right,8d8fkjig3t73ma2rpavpe9kar1,0,2
0,1483734217112,227,227,mousemove,//*[@id='rso']/div[1]/div[2]/div/h3/a,{},"{""topRight"":1024,""topLeft"":576,""bottomRight"":1060,""bottomLeft"":637,""middle"":795,""inTarget"":false}",0.16617862371888725,0.3557993730407524,151.0,0.23414131827369125,0.07690861387117554,20170106212155,"Fri, 06 Jan 2017 21:21:55 +0100","Mozilla/5.0 (Windows NT 10.0; Win64; x64) AppleWebKit/537.36 (KHTML, like Gecko) Chrome/56.0.2924.51 Safari/537.36",1366x768,1366x638,1349x1625,8d8fkjig3t73ma2rpavpe9kar1-dd-top_right,8d8fkjig3t73ma2rpavpe9kar1,0,2
0,1483734217282,224,244,mousemove,//*[@id='rso']/div[1]/div[2]/div/div/div/div/cite,{},"{""topRight"":1029,""topLeft"":583,""bottomRight"":1058,""bottomLeft"":632,""middle"":796,""inTarget"":false}",0.16398243045387995,0.3824451410658307,170.0,0.10154515589195334,-0.1325961623817379,20170106212155,"Fri, 06 Jan 2017 21:21:55 +0100","Mozilla/5.0 (Windows NT 10.0; Win64; x64) AppleWebKit/537.36 (KHTML, like Gecko) Chrome/56.0.2924.51 Safari/537.36",1366x768,1366x638,1349x1625,8d8fkjig3t73ma2rpavpe9kar1-dd-top_right,8d8fkjig3t73ma2rpavpe9kar1,0,2
0,1483734217443,223,260,mousemove,//*[@id='rso']/div[1]/div[2]/div/div/div/span,{},"{""topRight"":1033,""topLeft"":588,""bottomRight"":1055,""bottomLeft"":626,""middle"":796,""inTarget"":false}",0.16325036603221083,0.40752351097178685,161.0,0.09957279218559875,-0.0019723637063545907,20170106212155,"Fri, 06 Jan 2017 21:21:55 +0100","Mozilla/5.0 (Windows NT 10.0; Win64; x64) AppleWebKit/537.36 (KHTML, like Gecko) Chrome/56.0.2924.51 Safari/537.36",1366x768,1366x638,1349x1625,8d8fkjig3t73ma2rpavpe9kar1-dd-top_right,8d8fkjig3t73ma2rpavpe9kar1,0,2
0,1483734217593,223,277,mousemove,//*[@id='rso']/div[1]/div[2]/div/div/div/span,{},"{""topRight"":1035,""topLeft"":592,""bottomRight"":1051,""bottomLeft"":619,""middle"":795,""inTarget"":false}",0.16325036603221083,0.4341692789968652,150.0,0.11333333333333333,0.013760541147734576,20170106212155,"Fri, 06 Jan 2017 21:21:55 +0100","Mozilla/5.0 (Windows NT 10.0; Win64; x64) AppleWebKit/537.36 (KHTML, like Gecko) Chrome/56.0.2924.51 Safari/537.36",1366x768,1366x638,1349x1625,8d8fkjig3t73ma2rpavpe9kar1-dd-top_right,8d8fkjig3t73ma2rpavpe9kar1,0,2
0,1483734218547,223,297,mousemove,//*[@id='rso']/div[1],{},"{""topRight"":1039,""topLeft"":598,""bottomRight"":1046,""bottomLeft"":611,""middle"":794,""inTarget"":false}",0.16325036603221083,0.46551724137931033,954.0,0.020964360587002098,-0.09236897274633123,20170106212155,"Fri, 06 Jan 2017 21:21:55 +0100","Mozilla/5.0 (Windows NT 10.0; Win64; x64) AppleWebKit/537.36 (KHTML, like Gecko) Chrome/56.0.2924.51 Safari/537.36",1366x768,1366x638,1349x1625,8d8fkjig3t73ma2rpavpe9kar1-dd-top_right,8d8fkjig3t73ma2rpavpe9kar1,0,2
0,1483734218697,301,397,mousemove,//*[@id='rso']/div[1],{},"{""topRight"":987,""topLeft"":569,""bottomRight"":952,""bottomLeft"":506,""middle"":721,""inTarget"":false}",0.22035139092240116,0.622257053291536,150.0,0.8454847393326769,0.8245203787456747,20170106212155,"Fri, 06 Jan 2017 21:21:55 +0100","Mozilla/5.0 (Windows NT 10.0; Win64; x64) AppleWebKit/537.36 (KHTML, like Gecko) Chrome/56.0.2924.51 Safari/537.36",1366x768,1366x638,1349x1625,8d8fkjig3t73ma2rpavpe9kar1-dd-top_right,8d8fkjig3t73ma2rpavpe9kar1,0,2
0,1483734218849,362,408,mousemove,//*[@id='rso']/div[1]/div[4]/div/h3/a,{},"{""topRight"":932,""topLeft"":524,""bottomRight"":890,""bottomLeft"":444,""middle"":661,""inTarget"":false}",0.26500732064421667,0.6394984326018809,152.0,0.4077886109818878,-0.4376961283507891,20170106212155,"Fri, 06 Jan 2017 21:21:55 +0100","Mozilla/5.0 (Windows NT 10.0; Win64; x64) AppleWebKit/537.36 (KHTML, like Gecko) Chrome/56.0.2924.51 Safari/537.36",1366x768,1366x638,1349x1625,8d8fkjig3t73ma2rpavpe9kar1-dd-top_right,8d8fkjig3t73ma2rpavpe9kar1,0,2
0,1483734219001,458,417,mousemove,//*[@id='rso']/div[1]/div[4]/div/h3/a,{},"{""topRight"":845,""topLeft"":455,""bottomRight"":794,""bottomLeft"":349,""middle"":568,""inTarget"":false}",0.33528550512445093,0.6536050156739812,152.0,0.6343483689469025,0.2265597579650147,20170106212155,"Fri, 06 Jan 2017 21:21:55 +0100","Mozilla/5.0 (Windows NT 10.0; Win64; x64) AppleWebKit/537.36 (KHTML, like Gecko) Chrome/56.0.2924.51 Safari/537.36",1366x768,1366x638,1349x1625,8d8fkjig3t73ma2rpavpe9kar1-dd-top_right,8d8fkjig3t73ma2rpavpe9kar1,0,2
0,1483734219163,464,418,mousemove,//*[@id='rso']/div[1]/div[4]/div/h3/a,{},"{""topRight"":840,""topLeft"":451,""bottomRight"":787,""bottomLeft"":343,""middle"":562,""inTarget"":false}",0.3396778916544656,0.6551724137931034,162.0,0.037547916853692714,-0.5968004520932098,20170106212155,"Fri, 06 Jan 2017 21:21:55 +0100","Mozilla/5.0 (Windows NT 10.0; Win64; x64) AppleWebKit/537.36 (KHTML, like Gecko) Chrome/56.0.2924.51 Safari/537.36",1366x768,1366x638,1349x1625,8d8fkjig3t73ma2rpavpe9kar1-dd-top_right,8d8fkjig3t73ma2rpavpe9kar1,0,2
0,1483734219321,498,418,mousemove,//*[@id='rso']/div[1]/div[4]/div/h3/a,{},"{""topRight"":809,""topLeft"":427,""bottomRight"":754,""bottomLeft"":311,""middle"":529,""inTarget"":false}",0.3645680819912152,0.6551724137931034,158.0,0.21518987341772153,0.1776419565640288,20170106212155,"Fri, 06 Jan 2017 21:21:55 +0100","Mozilla/5.0 (Windows NT 10.0; Win64; x64) AppleWebKit/537.36 (KHTML, like Gecko) Chrome/56.0.2924.51 Safari/537.36",1366x768,1366x638,1349x1625,8d8fkjig3t73ma2rpavpe9kar1-dd-top_right,8d8fkjig3t73ma2rpavpe9kar1,0,2
0,1483734219650,513,415,mousemove,//*[@id='rso']/div[1]/div[4]/div/h3/a,{},"{""topRight"":794,""topLeft"":415,""bottomRight"":739,""bottomLeft"":298,""middle"":514,""inTarget"":false}",0.37554904831625185,0.6504702194357367,329.0,0.0464956186649798,-0.16869425475274172,20170106212155,"Fri, 06 Jan 2017 21:21:55 +0100","Mozilla/5.0 (Windows NT 10.0; Win64; x64) AppleWebKit/537.36 (KHTML, like Gecko) Chrome/56.0.2924.51 Safari/537.36",1366x768,1366x638,1349x1625,8d8fkjig3t73ma2rpavpe9kar1-dd-top_right,8d8fkjig3t73ma2rpavpe9kar1,0,2
0,1483734220619,522,414,mousedown,//*[@id='rso']/div[1]/div[4]/div/h3/a,{},"{""topRight"":785,""topLeft"":408,""bottomRight"":731,""bottomLeft"":290,""middle"":505,""inTarget"":false}",0.3821376281112738,0.6489028213166145,969.0,0.0093450827018962,-0.037150535963083604,20170106212155,"Fri, 06 Jan 2017 21:21:55 +0100","Mozilla/5.0 (Windows NT 10.0; Win64; x64) AppleWebKit/537.36 (KHTML, like Gecko) Chrome/56.0.2924.51 Safari/537.36",1366x768,1366x638,1349x1625,8d8fkjig3t73ma2rpavpe9kar1-dd-top_right,8d8fkjig3t73ma2rpavpe9kar1,0,2
0,1483734220778,524,414,mouseup,//*[@id='rso']/div[1]/div[4]/div/h3/a,{},"{""topRight"":783,""topLeft"":407,""bottomRight"":729,""bottomLeft"":289,""middle"":503,""inTarget"":false}",0.383601756954612,0.6489028213166145,159.0,0.012578616352201259,0.0032335336503050583,20170106212155,"Fri, 06 Jan 2017 21:21:55 +0100","Mozilla/5.0 (Windows NT 10.0; Win64; x64) AppleWebKit/537.36 (KHTML, like Gecko) Chrome/56.0.2924.51 Safari/537.36",1366x768,1366x638,1349x1625,8d8fkjig3t73ma2rpavpe9kar1-dd-top_right,8d8fkjig3t73ma2rpavpe9kar1,0,2
0,1483734220778,524,414,click,//*[@id='rso']/div[1]/div[4]/div/h3/a,{},"{""topRight"":783,""topLeft"":407,""bottomRight"":729,""bottomLeft"":289,""middle"":503,""inTarget"":false}",0.383601756954612,0.6489028213166145,0.0,0.0,-0.012578616352201259,20170106212155,"Fri, 06 Jan 2017 21:21:55 +0100","Mozilla/5.0 (Windows NT 10.0; Win64; x64) AppleWebKit/537.36 (KHTML, like Gecko) Chrome/56.0.2924.51 Safari/537.36",1366x768,1366x638,1349x1625,8d8fkjig3t73ma2rpavpe9kar1-dd-top_right,8d8fkjig3t73ma2rpavpe9kar1,0,2
0,1483734220781,0,0,beforeunload,/,{},{},0.0,0.0,3.0,222.60378353578008,222.60378353578008,20170106212155,"Fri, 06 Jan 2017 21:21:55 +0100","Mozilla/5.0 (Windows NT 10.0; Win64; x64) AppleWebKit/537.36 (KHTML, like Gecko) Chrome/56.0.2924.51 Safari/537.36",1366x768,1366x638,1349x1625,8d8fkjig3t73ma2rpavpe9kar1-dd-top_right,8d8fkjig3t73ma2rpavpe9kar1,0,2
0,1483734220943,0,0,unload,/,{},{},0.0,0.0,162.0,0.0,-222.60378353578008,20170106212155,"Fri, 06 Jan 2017 21:21:55 +0100","Mozilla/5.0 (Windows NT 10.0; Win64; x64) AppleWebKit/537.36 (KHTML, like Gecko) Chrome/56.0.2924.51 Safari/537.36",1366x768,1366x638,1349x1625,8d8fkjig3t73ma2rpavpe9kar1-dd-top_right,8d8fkjig3t73ma2rpavpe9kar1,0,2
