cursor,timestamp,xpos,ypos,event,xpath,attrs,extras,xpos_scaled,ypos_scaled,timestamp_diff,speed,acceleration,log_id,date,ua,screen,window,document,task,user_id,ad_clicked,attention
0,1488545506821,0,0,load,/,{},{},0.0,0.0,1.0,0.0,0.0,20170303135008,"Fri, 03 Mar 2017 13:50:08 +0100","Mozilla/5.0 (Windows NT 6.1) AppleWebKit/537.36 (KHTML, like Gecko) Chrome/56.0.2924.87 Safari/537.36",1024x600,1024x532,1070x1888,09eu8bafgefmmd38o6a9jsuks1-dd-top_right,09eu8bafgefmmd38o6a9jsuks1,0,3
0,1488545506971,365,157,mousemove,//*[@id='rso']/div[1]/div/div/div/span,{},"{""topRight"":705,""topLeft"":428,""bottomRight"":872,""bottomLeft"":668,""middle"":610,""inTarget"":false}",0.3564453125,0.2951127819548872,150.0,2.6488907531686205,2.6488907531686205,20170303135008,"Fri, 03 Mar 2017 13:50:08 +0100","Mozilla/5.0 (Windows NT 6.1) AppleWebKit/537.36 (KHTML, like Gecko) Chrome/56.0.2924.87 Safari/537.36",1024x600,1024x532,1070x1888,09eu8bafgefmmd38o6a9jsuks1-dd-top_right,09eu8bafgefmmd38o6a9jsuks1,0,3
0,1488545507127,357,139,mousemove,//*[@id='rso']/div[1]/div/div/div/div[1],{},"{""topRight"":712,""topLeft"":434,""bottomRight"":889,""bottomLeft"":687,""middle"":624,""inTarget"":false}",0.3486328125,0.26127819548872183,156.0,0.12626740771533468,-2.522623345453286,20170303135008,"Fri, 03 Mar 2017 13:50:08 +0100","Mozilla/5.0 (Windows NT 6.1) AppleWebKit/537.36 (KHTML, like Gecko) Chrome/56.0.2924.87 Safari/537.36",1024x600,1024x532,1070x1888,09eu8bafgefmmd38o6a9jsuks1-dd-top_right,09eu8bafgefmmd38o6a9jsuks1,0,3
0,1488545507399,351,127,mousedown,//*[@id='rso']/div[1]/div/h3/a,{},"{""topRight"":717,""topLeft"":440,""bottomRight"":901,""bottomLeft"":701,""middle"":635,""inTarget"":false}",0.3427734375,0.2387218045112782,272.0,0.04932502891543654,-0.07694237879989814,20170303135008,"Fri, 03 Mar 2017 13:50:08 +0100","Mozilla/5.0 (Windows NT 6.1) AppleWebKit/537.36 (KHTML, like Gecko) Chrome/56.0.2924.87 Safari/537.36",1024x600,1024x532,1070x1888,09eu8bafgefmmd38o6a9jsuks1-dd-top_right,09eu8bafgefmmd38o6a9jsuks1,0,3
0,1488545507517,350,128,mouseup,//*[@id='rso']/div[1]/div/h3/a,{},"{""topRight"":718,""topLeft"":441,""bottomRight"":901,""bottomLeft"":700,""middle"":635,""inTarget"":false}",0.341796875,0.24060150375939848,118.0,0.011984860698077077,-0.037340168217359464,20170303135008,"Fri, 03 Mar 2017 13:50:08 +0100","Mozilla/5.0 (Windows NT 6.1) AppleWebKit/537.36 (KHTML, like Gecko) Chrome/56.0.2924.87 Safari/537.36",1024x600,1024x532,1070x1888,09eu8bafgefmmd38o6a9jsuks1-dd-top_right,09eu8bafgefmmd38o6a9jsuks1,0,3
0,1488545507519,350,128,click,//*[@id='rso']/div[1]/div/h3/a,{},"{""topRight"":718,""topLeft"":441,""bottomRight"":901,""bottomLeft"":700,""middle"":635,""inTarget"":false}",0.341796875,0.24060150375939848,2.0,0.0,-0.011984860698077077,20170303135008,"Fri, 03 Mar 2017 13:50:08 +0100","Mozilla/5.0 (Windows NT 6.1) AppleWebKit/537.36 (KHTML, like Gecko) Chrome/56.0.2924.87 Safari/537.36",1024x600,1024x532,1070x1888,09eu8bafgefmmd38o6a9jsuks1-dd-top_right,09eu8bafgefmmd38o6a9jsuks1,0,3
0,1488545507520,0,0,beforeunload,/,{},{},0.0,0.0,1.0,372.67143705950957,372.67143705950957,20170303135008,"Fri, 03 Mar 2017 13:50:08 +0100","Mozilla/5.0 (Windows NT 6.1) AppleWebKit/537.36 (KHTML, like Gecko) Chrome/56.0.2924.87 Safari/537.36",1024x600,1024x532,1070x1888,09eu8bafgefmmd38o6a9jsuks1-dd-top_right,09eu8bafgefmmd38o6a9jsuks1,0,3
0,1488545507701,352,123,mousemove,//*[@id='rso']/div[1]/div/h3/a,{},"{""topRight"":716,""topLeft"":438,""bottomRight"":903,""bottomLeft"":703,""middle"":636,""inTarget"":false}",0.34375,0.231203007518797,181.0,2.060062383793591,-370.611374675716,20170303135008,"Fri, 03 Mar 2017 13:50:08 +0100","Mozilla/5.0 (Windows NT 6.1) AppleWebKit/537.36 (KHTML, like Gecko) Chrome/56.0.2924.87 Safari/537.36",1024x600,1024x532,1070x1888,09eu8bafgefmmd38o6a9jsuks1-dd-top_right,09eu8bafgefmmd38o6a9jsuks1,0,3
0,1488545508452,0,0,unload,/,{},{},0.0,0.0,751.0,0.49649972232575235,-1.5635626614678386,20170303135008,"Fri, 03 Mar 2017 13:50:08 +0100","Mozilla/5.0 (Windows NT 6.1) AppleWebKit/537.36 (KHTML, like Gecko) Chrome/56.0.2924.87 Safari/537.36",1024x600,1024x532,1070x1888,09eu8bafgefmmd38o6a9jsuks1-dd-top_right,09eu8bafgefmmd38o6a9jsuks1,0,3
