cursor,timestamp,xpos,ypos,event,xpath,attrs,extras,xpos_scaled,ypos_scaled,timestamp_diff,speed,acceleration,log_id,date,ua,screen,window,document,task,user_id,ad_clicked,attention
0,1490476398324,0,0,load,/,{},{},0.0,0.0,1.0,0.0,0.0,20170325221153,"Sat, 25 Mar 2017 22:11:53 +0100","Mozilla/5.0 (Windows NT 10.0; Win64; x64) AppleWebKit/537.36 (KHTML, like Gecko) Chrome/56.0.2924.87 Safari/537.36",1280x720,1280x615,1263x1747,egc1suus9eo6pqo55mvvccja92-dd-top_right,egc1suus9eo6pqo55mvvccja92,0,5
0,1490476398680,850,0,mouseover,//*[@id='searchform']/div/div,{},"{""topRight"":408,""topLeft"":122,""bottomRight"":817,""bottomLeft"":719,""middle"":444,""inTarget"":false}",0.6640625,0.0,356.0,2.3876404494382024,2.3876404494382024,20170325221153,"Sat, 25 Mar 2017 22:11:53 +0100","Mozilla/5.0 (Windows NT 10.0; Win64; x64) AppleWebKit/537.36 (KHTML, like Gecko) Chrome/56.0.2924.87 Safari/537.36",1280x720,1280x615,1263x1747,egc1suus9eo6pqo55mvvccja92-dd-top_right,egc1suus9eo6pqo55mvvccja92,0,5
0,1490476398835,806,10,mousemove,//*[@id='searchform']/div/div,{},"{""topRight"":448,""topLeft"":97,""bottomRight"":831,""bottomLeft"":706,""middle"":453,""inTarget"":false}",0.6296875,0.016260162601626018,155.0,0.2911100431658962,-2.096530406272306,20170325221153,"Sat, 25 Mar 2017 22:11:53 +0100","Mozilla/5.0 (Windows NT 10.0; Win64; x64) AppleWebKit/537.36 (KHTML, like Gecko) Chrome/56.0.2924.87 Safari/537.36",1280x720,1280x615,1263x1747,egc1suus9eo6pqo55mvvccja92-dd-top_right,egc1suus9eo6pqo55mvvccja92,0,5
0,1490476399543,0,0,blur,/,{},{},0.0,0.0,708.0,1.138505695412923,0.8473956522470267,20170325221153,"Sat, 25 Mar 2017 22:11:53 +0100","Mozilla/5.0 (Windows NT 10.0; Win64; x64) AppleWebKit/537.36 (KHTML, like Gecko) Chrome/56.0.2924.87 Safari/537.36",1280x720,1280x615,1263x1747,egc1suus9eo6pqo55mvvccja92-dd-top_right,egc1suus9eo6pqo55mvvccja92,0,5
0,1490476430124,0,0,focus,/,{},{},0.0,0.0,30581.0,0.0,-1.138505695412923,20170325221153,"Sat, 25 Mar 2017 22:11:53 +0100","Mozilla/5.0 (Windows NT 10.0; Win64; x64) AppleWebKit/537.36 (KHTML, like Gecko) Chrome/56.0.2924.87 Safari/537.36",1280x720,1280x615,1263x1747,egc1suus9eo6pqo55mvvccja92-dd-top_right,egc1suus9eo6pqo55mvvccja92,0,5
0,1490476430721,812,0,mouseover,//*[@id='searchform']/div/div,{},"{""topRight"":445,""topLeft"":108,""bottomRight"":836,""bottomLeft"":716,""middle"":459,""inTarget"":false}",0.634375,0.0,597.0,1.3601340033500837,1.3601340033500837,20170325221153,"Sat, 25 Mar 2017 22:11:53 +0100","Mozilla/5.0 (Windows NT 10.0; Win64; x64) AppleWebKit/537.36 (KHTML, like Gecko) Chrome/56.0.2924.87 Safari/537.36",1280x720,1280x615,1263x1747,egc1suus9eo6pqo55mvvccja92-dd-top_right,egc1suus9eo6pqo55mvvccja92,0,5
0,1490476430878,720,116,mousemove,//*[@id='rso']/div[1]/div/h3,{},"{""topRight"":524,""topLeft"":71,""bottomRight"":797,""bottomLeft"":604,""middle"":419,""inTarget"":false}",0.5625,0.1886178861788618,157.0,0.9430193897234012,-0.41711461362668256,20170325221153,"Sat, 25 Mar 2017 22:11:53 +0100","Mozilla/5.0 (Windows NT 10.0; Win64; x64) AppleWebKit/537.36 (KHTML, like Gecko) Chrome/56.0.2924.87 Safari/537.36",1280x720,1280x615,1263x1747,egc1suus9eo6pqo55mvvccja92-dd-top_right,egc1suus9eo6pqo55mvvccja92,0,5
0,1490476431932,714,126,mousemove,//*[@id='rso']/div[1]/div/h3,{},"{""topRight"":530,""topLeft"":79,""bottomRight"":793,""bottomLeft"":595,""middle"":416,""inTarget"":false}",0.5578125,0.2048780487804878,1054.0,0.011064424847903797,-0.9319549648754973,20170325221153,"Sat, 25 Mar 2017 22:11:53 +0100","Mozilla/5.0 (Windows NT 10.0; Win64; x64) AppleWebKit/537.36 (KHTML, like Gecko) Chrome/56.0.2924.87 Safari/537.36",1280x720,1280x615,1263x1747,egc1suus9eo6pqo55mvvccja92-dd-top_right,egc1suus9eo6pqo55mvvccja92,0,5
0,1490476434802,648,134,mouseover,//*[@id='rso']/div[1]/div/div/div/div[1]/cite,{},"{""topRight"":597,""topLeft"":145,""bottomRight"":833,""bottomLeft"":599,""middle"":461,""inTarget"":false}",0.50625,0.21788617886178863,2870.0,0.023164836430097088,0.01210041158219329,20170325221153,"Sat, 25 Mar 2017 22:11:53 +0100","Mozilla/5.0 (Windows NT 10.0; Win64; x64) AppleWebKit/537.36 (KHTML, like Gecko) Chrome/56.0.2924.87 Safari/537.36",1280x720,1280x615,1263x1747,egc1suus9eo6pqo55mvvccja92-dd-top_right,egc1suus9eo6pqo55mvvccja92,0,5
0,1490476434958,662,150,mousemove,//*[@id='rso']/div[1]/div/div/div/div[1]/div,{},"{""topRight"":584,""topLeft"":135,""bottomRight"":812,""bottomLeft"":580,""middle"":441,""inTarget"":false}",0.5171875,0.24390243902439024,156.0,0.13628392067608525,0.11311908424598816,20170325221153,"Sat, 25 Mar 2017 22:11:53 +0100","Mozilla/5.0 (Windows NT 10.0; Win64; x64) AppleWebKit/537.36 (KHTML, like Gecko) Chrome/56.0.2924.87 Safari/537.36",1280x720,1280x615,1263x1747,egc1suus9eo6pqo55mvvccja92-dd-top_right,egc1suus9eo6pqo55mvvccja92,0,5
0,1490476435635,666,154,mousemove,//*[@id='rso']/div[1]/div/div/div/div[2],{},"{""topRight"":580,""topLeft"":133,""bottomRight"":806,""bottomLeft"":576,""middle"":435,""inTarget"":false}",0.5203125,0.25040650406504067,677.0,0.00835576698595625,-0.127928153690129,20170325221153,"Sat, 25 Mar 2017 22:11:53 +0100","Mozilla/5.0 (Windows NT 10.0; Win64; x64) AppleWebKit/537.36 (KHTML, like Gecko) Chrome/56.0.2924.87 Safari/537.36",1280x720,1280x615,1263x1747,egc1suus9eo6pqo55mvvccja92-dd-top_right,egc1suus9eo6pqo55mvvccja92,0,5
0,1490476435785,610,150,mousemove,//*[@id='rso']/div[1]/div/div/div/div[1],{},"{""topRight"":636,""topLeft"":185,""bottomRight"":850,""bottomLeft"":594,""middle"":483,""inTarget"":false}",0.4765625,0.24390243902439024,150.0,0.374284502603152,0.36592873561719574,20170325221153,"Sat, 25 Mar 2017 22:11:53 +0100","Mozilla/5.0 (Windows NT 10.0; Win64; x64) AppleWebKit/537.36 (KHTML, like Gecko) Chrome/56.0.2924.87 Safari/537.36",1280x720,1280x615,1263x1747,egc1suus9eo6pqo55mvvccja92-dd-top_right,egc1suus9eo6pqo55mvvccja92,0,5
0,1490476435943,586,146,mousemove,//*[@id='rso']/div[1]/div/div/div/div[1]/cite,{},"{""topRight"":659,""topLeft"":208,""bottomRight"":871,""bottomLeft"":605,""middle"":506,""inTarget"":false}",0.4578125,0.23739837398373984,158.0,0.15399398810881568,-0.22029051449433631,20170325221153,"Sat, 25 Mar 2017 22:11:53 +0100","Mozilla/5.0 (Windows NT 10.0; Win64; x64) AppleWebKit/537.36 (KHTML, like Gecko) Chrome/56.0.2924.87 Safari/537.36",1280x720,1280x615,1263x1747,egc1suus9eo6pqo55mvvccja92-dd-top_right,egc1suus9eo6pqo55mvvccja92,0,5
0,1490476436097,548,124,mousemove,//*[@id='rso']/div[1]/div/h3/a,{},"{""topRight"":696,""topLeft"":243,""bottomRight"":914,""bottomLeft"":640,""middle"":550,""inTarget"":false}",0.428125,0.2016260162601626,154.0,0.2851233558454565,0.13112936773664083,20170325221153,"Sat, 25 Mar 2017 22:11:53 +0100","Mozilla/5.0 (Windows NT 10.0; Win64; x64) AppleWebKit/537.36 (KHTML, like Gecko) Chrome/56.0.2924.87 Safari/537.36",1280x720,1280x615,1263x1747,egc1suus9eo6pqo55mvvccja92-dd-top_right,egc1suus9eo6pqo55mvvccja92,0,5
0,1490476436260,528,114,mousemove,//*[@id='rso']/div[1]/div/h3/a,{},"{""topRight"":716,""topLeft"":262,""bottomRight"":935,""bottomLeft"":657,""middle"":572,""inTarget"":false}",0.4125,0.18536585365853658,163.0,0.13718208450918956,-0.14794127133626694,20170325221153,"Sat, 25 Mar 2017 22:11:53 +0100","Mozilla/5.0 (Windows NT 10.0; Win64; x64) AppleWebKit/537.36 (KHTML, like Gecko) Chrome/56.0.2924.87 Safari/537.36",1280x720,1280x615,1263x1747,egc1suus9eo6pqo55mvvccja92-dd-top_right,egc1suus9eo6pqo55mvvccja92,0,5
0,1490476436613,524,114,mousemove,//*[@id='rso']/div[1]/div/h3/a,{},"{""topRight"":720,""topLeft"":266,""bottomRight"":939,""bottomLeft"":658,""middle"":576,""inTarget"":false}",0.409375,0.18536585365853658,353.0,0.0113314447592068,-0.12585063974998276,20170325221153,"Sat, 25 Mar 2017 22:11:53 +0100","Mozilla/5.0 (Windows NT 10.0; Win64; x64) AppleWebKit/537.36 (KHTML, like Gecko) Chrome/56.0.2924.87 Safari/537.36",1280x720,1280x615,1263x1747,egc1suus9eo6pqo55mvvccja92-dd-top_right,egc1suus9eo6pqo55mvvccja92,0,5
0,1490476437381,524,114,mousedown,//*[@id='rso']/div[1]/div/h3/a,{},"{""topRight"":720,""topLeft"":266,""bottomRight"":939,""bottomLeft"":658,""middle"":576,""inTarget"":false}",0.409375,0.18536585365853658,768.0,0.0,-0.0113314447592068,20170325221153,"Sat, 25 Mar 2017 22:11:53 +0100","Mozilla/5.0 (Windows NT 10.0; Win64; x64) AppleWebKit/537.36 (KHTML, like Gecko) Chrome/56.0.2924.87 Safari/537.36",1280x720,1280x615,1263x1747,egc1suus9eo6pqo55mvvccja92-dd-top_right,egc1suus9eo6pqo55mvvccja92,0,5
0,1490476437471,524,114,mouseup,//*[@id='rso']/div[1]/div/h3/a,{},"{""topRight"":720,""topLeft"":266,""bottomRight"":939,""bottomLeft"":658,""middle"":576,""inTarget"":false}",0.409375,0.18536585365853658,90.0,0.0,0.0,20170325221153,"Sat, 25 Mar 2017 22:11:53 +0100","Mozilla/5.0 (Windows NT 10.0; Win64; x64) AppleWebKit/537.36 (KHTML, like Gecko) Chrome/56.0.2924.87 Safari/537.36",1280x720,1280x615,1263x1747,egc1suus9eo6pqo55mvvccja92-dd-top_right,egc1suus9eo6pqo55mvvccja92,0,5
0,1490476437476,524,114,click,//*[@id='rso']/div[1]/div/h3/a,{},"{""topRight"":720,""topLeft"":266,""bottomRight"":939,""bottomLeft"":658,""middle"":576,""inTarget"":false}",0.409375,0.18536585365853658,5.0,0.0,0.0,20170325221153,"Sat, 25 Mar 2017 22:11:53 +0100","Mozilla/5.0 (Windows NT 10.0; Win64; x64) AppleWebKit/537.36 (KHTML, like Gecko) Chrome/56.0.2924.87 Safari/537.36",1280x720,1280x615,1263x1747,egc1suus9eo6pqo55mvvccja92-dd-top_right,egc1suus9eo6pqo55mvvccja92,0,5
0,1490476437481,0,0,beforeunload,/,{},{},0.0,0.0,5.0,107.25148017626609,107.25148017626609,20170325221153,"Sat, 25 Mar 2017 22:11:53 +0100","Mozilla/5.0 (Windows NT 10.0; Win64; x64) AppleWebKit/537.36 (KHTML, like Gecko) Chrome/56.0.2924.87 Safari/537.36",1280x720,1280x615,1263x1747,egc1suus9eo6pqo55mvvccja92-dd-top_right,egc1suus9eo6pqo55mvvccja92,0,5
0,1490476437565,0,0,unload,/,{},{},0.0,0.0,84.0,0.0,-107.25148017626609,20170325221153,"Sat, 25 Mar 2017 22:11:53 +0100","Mozilla/5.0 (Windows NT 10.0; Win64; x64) AppleWebKit/537.36 (KHTML, like Gecko) Chrome/56.0.2924.87 Safari/537.36",1280x720,1280x615,1263x1747,egc1suus9eo6pqo55mvvccja92-dd-top_right,egc1suus9eo6pqo55mvvccja92,0,5
