cursor,timestamp,xpos,ypos,event,xpath,attrs,extras,xpos_scaled,ypos_scaled,timestamp_diff,speed,acceleration,log_id,date,ua,screen,window,document,task,user_id,ad_clicked,attention
0,1493133633289,0,0,load,/,{},{},0.0,0.0,1.0,0.0,0.0,20170425171909,"Tue, 25 Apr 2017 17:19:09 +0200","Mozilla/5.0 (Windows NT 6.1; Win64; x64) AppleWebKit/537.36 (KHTML, like Gecko) Chrome/57.0.2987.133 Safari/537.36",1366x768,1366x672,1349x1890,n25m9mjgtt7dlqrdn996gil2c4-dd-top_left,n25m9mjgtt7dlqrdn996gil2c4,1,3
0,1493133645703,0,0,focus,/,{},{},0.0,0.0,12414.0,0.0,0.0,20170425171909,"Tue, 25 Apr 2017 17:19:09 +0200","Mozilla/5.0 (Windows NT 6.1; Win64; x64) AppleWebKit/537.36 (KHTML, like Gecko) Chrome/57.0.2987.133 Safari/537.36",1366x768,1366x672,1349x1890,n25m9mjgtt7dlqrdn996gil2c4-dd-top_left,n25m9mjgtt7dlqrdn996gil2c4,1,3
0,1493133645703,0,0,focus,/,{},{},0.0,0.0,0.0,0.0,0.0,20170425171909,"Tue, 25 Apr 2017 17:19:09 +0200","Mozilla/5.0 (Windows NT 6.1; Win64; x64) AppleWebKit/537.36 (KHTML, like Gecko) Chrome/57.0.2987.133 Safari/537.36",1366x768,1366x672,1349x1890,n25m9mjgtt7dlqrdn996gil2c4-dd-top_left,n25m9mjgtt7dlqrdn996gil2c4,1,3
0,1493133645964,515,1,mouseover,//*[@id='searchform']/div/div,{},"{""topRight"":250,""topLeft"":401,""bottomRight"":558,""bottomLeft"":640,""middle"":318,""inTarget"":false}",0.37701317715959004,0.001488095238095238,261.0,1.9731837964477825,1.9731837964477825,20170425171909,"Tue, 25 Apr 2017 17:19:09 +0200","Mozilla/5.0 (Windows NT 6.1; Win64; x64) AppleWebKit/537.36 (KHTML, like Gecko) Chrome/57.0.2987.133 Safari/537.36",1366x768,1366x672,1349x1890,n25m9mjgtt7dlqrdn996gil2c4-dd-top_left,n25m9mjgtt7dlqrdn996gil2c4,1,3
0,1493133646118,491,66,mousemove,//*[@id='slim_appbar'],{},"{""topRight"":254,""topLeft"":365,""bottomRight"":511,""bottomLeft"":574,""middle"":249,""inTarget"":false}",0.3594436310395315,0.09821428571428571,154.0,0.4499301870472729,-1.5232536094005096,20170425171909,"Tue, 25 Apr 2017 17:19:09 +0200","Mozilla/5.0 (Windows NT 6.1; Win64; x64) AppleWebKit/537.36 (KHTML, like Gecko) Chrome/57.0.2987.133 Safari/537.36",1366x768,1366x672,1349x1890,n25m9mjgtt7dlqrdn996gil2c4-dd-top_left,n25m9mjgtt7dlqrdn996gil2c4,1,3
0,1493133646274,487,71,mousemove,//*[@id='slim_appbar'],{},"{""topRight"":257,""topLeft"":361,""bottomRight"":509,""bottomLeft"":568,""middle"":243,""inTarget"":false}",0.35651537335285505,0.1056547619047619,156.0,0.041045668188672106,-0.4088845188586008,20170425171909,"Tue, 25 Apr 2017 17:19:09 +0200","Mozilla/5.0 (Windows NT 6.1; Win64; x64) AppleWebKit/537.36 (KHTML, like Gecko) Chrome/57.0.2987.133 Safari/537.36",1366x768,1366x672,1349x1890,n25m9mjgtt7dlqrdn996gil2c4-dd-top_left,n25m9mjgtt7dlqrdn996gil2c4,1,3
0,1493133646427,481,81,mousemove,//*[@id='slim_appbar'],{},"{""topRight"":262,""topLeft"":354,""bottomRight"":503,""bottomLeft"":556,""middle"":232,""inTarget"":false}",0.35212298682284043,0.12053571428571429,153.0,0.0762215933966706,0.0351759252079985,20170425171909,"Tue, 25 Apr 2017 17:19:09 +0200","Mozilla/5.0 (Windows NT 6.1; Win64; x64) AppleWebKit/537.36 (KHTML, like Gecko) Chrome/57.0.2987.133 Safari/537.36",1366x768,1366x672,1349x1890,n25m9mjgtt7dlqrdn996gil2c4-dd-top_left,n25m9mjgtt7dlqrdn996gil2c4,1,3
0,1493133646583,452,118,mousemove,//*[@id='tvcap']/div/div/div[1],{},"{""topRight"":290,""topLeft"":324,""bottomRight"":488,""bottomLeft"":509,""middle"":191,""inTarget"":true}",0.3308931185944363,0.17559523809523808,156.0,0.30135023778315795,0.22512864438648733,20170425171909,"Tue, 25 Apr 2017 17:19:09 +0200","Mozilla/5.0 (Windows NT 6.1; Win64; x64) AppleWebKit/537.36 (KHTML, like Gecko) Chrome/57.0.2987.133 Safari/537.36",1366x768,1366x672,1349x1890,n25m9mjgtt7dlqrdn996gil2c4-dd-top_left,n25m9mjgtt7dlqrdn996gil2c4,1,3
0,1493133646736,413,152,mousemove,//*[@id='tvcap']/div/div/div[2]/div[1]/div[2]/div[1]/div[1],{},"{""topRight"":332,""topLeft"":289,""bottomRight"":487,""bottomLeft"":458,""middle"":158,""inTarget"":true}",0.30234260614934116,0.2261904761904762,153.0,0.33816819137977855,0.0368179535966206,20170425171909,"Tue, 25 Apr 2017 17:19:09 +0200","Mozilla/5.0 (Windows NT 6.1; Win64; x64) AppleWebKit/537.36 (KHTML, like Gecko) Chrome/57.0.2987.133 Safari/537.36",1366x768,1366x672,1349x1890,n25m9mjgtt7dlqrdn996gil2c4-dd-top_left,n25m9mjgtt7dlqrdn996gil2c4,1,3
0,1493133646969,411,156,mousedown,//*[@id='tvcap']/div/div/div[2]/div[1]/div[2]/div[1]/div[1],{},"{""topRight"":335,""topLeft"":287,""bottomRight"":485,""bottomLeft"":454,""middle"":154,""inTarget"":true}",0.3008784773060029,0.23214285714285715,233.0,0.019193716545062574,-0.31897447483471597,20170425171909,"Tue, 25 Apr 2017 17:19:09 +0200","Mozilla/5.0 (Windows NT 6.1; Win64; x64) AppleWebKit/537.36 (KHTML, like Gecko) Chrome/57.0.2987.133 Safari/537.36",1366x768,1366x672,1349x1890,n25m9mjgtt7dlqrdn996gil2c4-dd-top_left,n25m9mjgtt7dlqrdn996gil2c4,1,3
0,1493133647017,411,156,mouseup,//*[@id='tvcap']/div/div/div[2]/div[1]/div[2]/div[1]/div[1],{},"{""topRight"":335,""topLeft"":287,""bottomRight"":485,""bottomLeft"":454,""middle"":154,""inTarget"":true}",0.3008784773060029,0.23214285714285715,48.0,0.0,-0.019193716545062574,20170425171909,"Tue, 25 Apr 2017 17:19:09 +0200","Mozilla/5.0 (Windows NT 6.1; Win64; x64) AppleWebKit/537.36 (KHTML, like Gecko) Chrome/57.0.2987.133 Safari/537.36",1366x768,1366x672,1349x1890,n25m9mjgtt7dlqrdn996gil2c4-dd-top_left,n25m9mjgtt7dlqrdn996gil2c4,1,3
0,1493133647018,411,156,click,//*[@id='tvcap']/div/div/div[2]/div[1]/div[2]/div[1]/div[1],{},"{""topRight"":335,""topLeft"":287,""bottomRight"":485,""bottomLeft"":454,""middle"":154,""inTarget"":true}",0.3008784773060029,0.23214285714285715,1.0,0.0,0.0,20170425171909,"Tue, 25 Apr 2017 17:19:09 +0200","Mozilla/5.0 (Windows NT 6.1; Win64; x64) AppleWebKit/537.36 (KHTML, like Gecko) Chrome/57.0.2987.133 Safari/537.36",1366x768,1366x672,1349x1890,n25m9mjgtt7dlqrdn996gil2c4-dd-top_left,n25m9mjgtt7dlqrdn996gil2c4,1,3
0,1493133647240,411,158,mousemove,//*[@id='tvcap']/div/div/div[2]/div[1]/div[2]/div[1]/div[1],{},"{""topRight"":335,""topLeft"":288,""bottomRight"":484,""bottomLeft"":452,""middle"":152,""inTarget"":true}",0.3008784773060029,0.23511904761904762,222.0,0.009009009009009009,0.009009009009009009,20170425171909,"Tue, 25 Apr 2017 17:19:09 +0200","Mozilla/5.0 (Windows NT 6.1; Win64; x64) AppleWebKit/537.36 (KHTML, like Gecko) Chrome/57.0.2987.133 Safari/537.36",1366x768,1366x672,1349x1890,n25m9mjgtt7dlqrdn996gil2c4-dd-top_left,n25m9mjgtt7dlqrdn996gil2c4,1,3
0,1493133647391,403,169,mousemove,//*[@id='platop1'],{},"{""topRight"":345,""topLeft"":282,""bottomRight"":482,""bottomLeft"":439,""middle"":143,""inTarget"":true}",0.29502196193265007,0.25148809523809523,151.0,0.09007596363400956,0.08106695462500055,20170425171909,"Tue, 25 Apr 2017 17:19:09 +0200","Mozilla/5.0 (Windows NT 6.1; Win64; x64) AppleWebKit/537.36 (KHTML, like Gecko) Chrome/57.0.2987.133 Safari/537.36",1366x768,1366x672,1349x1890,n25m9mjgtt7dlqrdn996gil2c4-dd-top_left,n25m9mjgtt7dlqrdn996gil2c4,1,3
0,1493133647549,402,171,mousedown,//*[@id='platop1'],{},"{""topRight"":346,""topLeft"":282,""bottomRight"":481,""bottomLeft"":437,""middle"":141,""inTarget"":true}",0.29428989751098095,0.2544642857142857,158.0,0.014152328971517657,-0.07592363466249191,20170425171909,"Tue, 25 Apr 2017 17:19:09 +0200","Mozilla/5.0 (Windows NT 6.1; Win64; x64) AppleWebKit/537.36 (KHTML, like Gecko) Chrome/57.0.2987.133 Safari/537.36",1366x768,1366x672,1349x1890,n25m9mjgtt7dlqrdn996gil2c4-dd-top_left,n25m9mjgtt7dlqrdn996gil2c4,1,3
0,1493133647649,402,171,mouseup,//*[@id='platop1'],{},"{""topRight"":346,""topLeft"":282,""bottomRight"":481,""bottomLeft"":437,""middle"":141,""inTarget"":true}",0.29428989751098095,0.2544642857142857,100.0,0.0,-0.014152328971517657,20170425171909,"Tue, 25 Apr 2017 17:19:09 +0200","Mozilla/5.0 (Windows NT 6.1; Win64; x64) AppleWebKit/537.36 (KHTML, like Gecko) Chrome/57.0.2987.133 Safari/537.36",1366x768,1366x672,1349x1890,n25m9mjgtt7dlqrdn996gil2c4-dd-top_left,n25m9mjgtt7dlqrdn996gil2c4,1,3
0,1493133647650,402,171,click,//*[@id='platop1'],{},"{""topRight"":346,""topLeft"":282,""bottomRight"":481,""bottomLeft"":437,""middle"":141,""inTarget"":true}",0.29428989751098095,0.2544642857142857,1.0,0.0,0.0,20170425171909,"Tue, 25 Apr 2017 17:19:09 +0200","Mozilla/5.0 (Windows NT 6.1; Win64; x64) AppleWebKit/537.36 (KHTML, like Gecko) Chrome/57.0.2987.133 Safari/537.36",1366x768,1366x672,1349x1890,n25m9mjgtt7dlqrdn996gil2c4-dd-top_left,n25m9mjgtt7dlqrdn996gil2c4,1,3
0,1493133647651,0,0,beforeunload,/,{},{},0.0,0.0,1.0,436.85810053151124,436.85810053151124,20170425171909,"Tue, 25 Apr 2017 17:19:09 +0200","Mozilla/5.0 (Windows NT 6.1; Win64; x64) AppleWebKit/537.36 (KHTML, like Gecko) Chrome/57.0.2987.133 Safari/537.36",1366x768,1366x672,1349x1890,n25m9mjgtt7dlqrdn996gil2c4-dd-top_left,n25m9mjgtt7dlqrdn996gil2c4,1,3
0,1493133648185,402,172,mousemove,//*[@id='platop1'],{},"{""topRight"":346,""topLeft"":282,""bottomRight"":480,""bottomLeft"":436,""middle"":140,""inTarget"":true}",0.29428989751098095,0.25595238095238093,534.0,0.8188211615835046,-436.0392793699277,20170425171909,"Tue, 25 Apr 2017 17:19:09 +0200","Mozilla/5.0 (Windows NT 6.1; Win64; x64) AppleWebKit/537.36 (KHTML, like Gecko) Chrome/57.0.2987.133 Safari/537.36",1366x768,1366x672,1349x1890,n25m9mjgtt7dlqrdn996gil2c4-dd-top_left,n25m9mjgtt7dlqrdn996gil2c4,1,3
0,1493133648343,446,196,mousemove,//*[@id='tvcap']/div/div/div[2]/div[1]/div[3]/div[1],{},"{""topRight"":309,""topLeft"":330,""bottomRight"":432,""bottomLeft"":448,""middle"":113,""inTarget"":true}",0.32650073206442165,0.2916666666666667,158.0,0.3172142806618144,-0.5016068809216903,20170425171909,"Tue, 25 Apr 2017 17:19:09 +0200","Mozilla/5.0 (Windows NT 6.1; Win64; x64) AppleWebKit/537.36 (KHTML, like Gecko) Chrome/57.0.2987.133 Safari/537.36",1366x768,1366x672,1349x1890,n25m9mjgtt7dlqrdn996gil2c4-dd-top_left,n25m9mjgtt7dlqrdn996gil2c4,1,3
0,1493133648517,445,227,mousemove,//*[@id='tvcap']/div/div/div[2]/div[1]/div[3]/div[1],{},"{""topRight"":321,""topLeft"":339,""bottomRight"":411,""bottomLeft"":426,""middle"":82,""inTarget"":true}",0.3257686676427526,0.33779761904761907,174.0,0.17825359102610142,-0.13896068963571298,20170425171909,"Tue, 25 Apr 2017 17:19:09 +0200","Mozilla/5.0 (Windows NT 6.1; Win64; x64) AppleWebKit/537.36 (KHTML, like Gecko) Chrome/57.0.2987.133 Safari/537.36",1366x768,1366x672,1349x1890,n25m9mjgtt7dlqrdn996gil2c4-dd-top_left,n25m9mjgtt7dlqrdn996gil2c4,1,3
0,1493133648580,0,0,unload,/,{},{},0.0,0.0,63.0,7.929425411212204,7.751171820186102,20170425171909,"Tue, 25 Apr 2017 17:19:09 +0200","Mozilla/5.0 (Windows NT 6.1; Win64; x64) AppleWebKit/537.36 (KHTML, like Gecko) Chrome/57.0.2987.133 Safari/537.36",1366x768,1366x672,1349x1890,n25m9mjgtt7dlqrdn996gil2c4-dd-top_left,n25m9mjgtt7dlqrdn996gil2c4,1,3
