cursor,timestamp,xpos,ypos,event,xpath,attrs,extras,xpos_scaled,ypos_scaled,timestamp_diff,speed,acceleration,log_id,date,ua,screen,window,document,task,user_id,ad_clicked,attention
0,1489443980470,0,0,load,/,{},{},0.0,0.0,1.0,0.0,0.0,20170314000804,"Tue, 14 Mar 2017 00:08:04 +0100","Mozilla/5.0 (Windows NT 10.0; WOW64) AppleWebKit/537.36 (KHTML, like Gecko) Chrome/56.0.2924.87 Safari/537.36",1920x1080,1920x974,1903x1890,udmn8f2gt6i6n8ukfemph5cm84-dd-top_left,udmn8f2gt6i6n8ukfemph5cm84,0,4
0,1489444377674,0,0,focus,/,{},{},0.0,0.0,397204.0,0.0,0.0,20170314000804,"Tue, 14 Mar 2017 00:08:04 +0100","Mozilla/5.0 (Windows NT 10.0; WOW64) AppleWebKit/537.36 (KHTML, like Gecko) Chrome/56.0.2924.87 Safari/537.36",1920x1080,1920x974,1903x1890,udmn8f2gt6i6n8ukfemph5cm84-dd-top_left,udmn8f2gt6i6n8ukfemph5cm84,0,4
0,1489444379887,428,8,mouseover,//*[@id='tsf']/div[2]/div[2],{},"{""topRight"":329,""topLeft"":316,""bottomRight"":593,""bottomLeft"":586,""middle"":301,""inTarget"":false}",0.22291666666666668,0.008213552361396304,2213.0,0.19343640299407938,0.19343640299407938,20170314000804,"Tue, 14 Mar 2017 00:08:04 +0100","Mozilla/5.0 (Windows NT 10.0; WOW64) AppleWebKit/537.36 (KHTML, like Gecko) Chrome/56.0.2924.87 Safari/537.36",1920x1080,1920x974,1903x1890,udmn8f2gt6i6n8ukfemph5cm84-dd-top_left,udmn8f2gt6i6n8ukfemph5cm84,0,4
0,1489444380037,358,358,mousemove,//*[@id='tvcap']/div/div/div[2]/div[1],{},"{""topRight"":459,""topLeft"":341,""bottomRight"":413,""bottomLeft"":276,""middle"":92,""inTarget"":true}",0.18645833333333334,0.3675564681724846,150.0,2.3795424396766327,2.1861060366825535,20170314000804,"Tue, 14 Mar 2017 00:08:04 +0100","Mozilla/5.0 (Windows NT 10.0; WOW64) AppleWebKit/537.36 (KHTML, like Gecko) Chrome/56.0.2924.87 Safari/537.36",1920x1080,1920x974,1903x1890,udmn8f2gt6i6n8ukfemph5cm84-dd-top_left,udmn8f2gt6i6n8ukfemph5cm84,0,4
0,1489444380253,299,539,mousemove,//*[@id='rso']/div[1]/div/h3/a,{},"{""topRight"":619,""topLeft"":466,""bottomRight"":444,""bottomLeft"":173,""middle"":268,""inTarget"":false}",0.15572916666666667,0.553388090349076,216.0,0.8813579511948767,-1.4981844884817561,20170314000804,"Tue, 14 Mar 2017 00:08:04 +0100","Mozilla/5.0 (Windows NT 10.0; WOW64) AppleWebKit/537.36 (KHTML, like Gecko) Chrome/56.0.2924.87 Safari/537.36",1920x1080,1920x974,1903x1890,udmn8f2gt6i6n8ukfemph5cm84-dd-top_left,udmn8f2gt6i6n8ukfemph5cm84,0,4
0,1489444380413,295,542,mousemove,//*[@id='rso']/div[1]/div/h3/a,{},"{""topRight"":624,""topLeft"":467,""bottomRight"":448,""bottomLeft"":170,""middle"":272,""inTarget"":false}",0.15364583333333334,0.5564681724845996,160.0,0.03125,-0.8501079511948767,20170314000804,"Tue, 14 Mar 2017 00:08:04 +0100","Mozilla/5.0 (Windows NT 10.0; WOW64) AppleWebKit/537.36 (KHTML, like Gecko) Chrome/56.0.2924.87 Safari/537.36",1920x1080,1920x974,1903x1890,udmn8f2gt6i6n8ukfemph5cm84-dd-top_left,udmn8f2gt6i6n8ukfemph5cm84,0,4
0,1489444380615,280,515,mousedown,//*[@id='center_col'],{},"{""topRight"":617,""topLeft"":436,""bottomRight"":462,""bottomLeft"":152,""middle"":258,""inTarget"":false}",0.14583333333333334,0.528747433264887,202.0,0.15290539813347032,0.12165539813347032,20170314000804,"Tue, 14 Mar 2017 00:08:04 +0100","Mozilla/5.0 (Windows NT 10.0; WOW64) AppleWebKit/537.36 (KHTML, like Gecko) Chrome/56.0.2924.87 Safari/537.36",1920x1080,1920x974,1903x1890,udmn8f2gt6i6n8ukfemph5cm84-dd-top_left,udmn8f2gt6i6n8ukfemph5cm84,0,4
0,1489444380734,280,515,mouseup,//*[@id='center_col'],{},"{""topRight"":617,""topLeft"":436,""bottomRight"":462,""bottomLeft"":152,""middle"":258,""inTarget"":false}",0.14583333333333334,0.528747433264887,119.0,0.0,-0.15290539813347032,20170314000804,"Tue, 14 Mar 2017 00:08:04 +0100","Mozilla/5.0 (Windows NT 10.0; WOW64) AppleWebKit/537.36 (KHTML, like Gecko) Chrome/56.0.2924.87 Safari/537.36",1920x1080,1920x974,1903x1890,udmn8f2gt6i6n8ukfemph5cm84-dd-top_left,udmn8f2gt6i6n8ukfemph5cm84,0,4
0,1489444380734,280,515,click,//*[@id='center_col'],{},"{""topRight"":617,""topLeft"":436,""bottomRight"":462,""bottomLeft"":152,""middle"":258,""inTarget"":false}",0.14583333333333334,0.528747433264887,0.0,0.0,0.0,20170314000804,"Tue, 14 Mar 2017 00:08:04 +0100","Mozilla/5.0 (Windows NT 10.0; WOW64) AppleWebKit/537.36 (KHTML, like Gecko) Chrome/56.0.2924.87 Safari/537.36",1920x1080,1920x974,1903x1890,udmn8f2gt6i6n8ukfemph5cm84-dd-top_left,udmn8f2gt6i6n8ukfemph5cm84,0,4
0,1489444380886,280,536,mousemove,//*[@id='rso']/div[1]/div/h3/a,{},"{""topRight"":631,""topLeft"":456,""bottomRight"":463,""bottomLeft"":154,""middle"":275,""inTarget"":false}",0.14583333333333334,0.5503080082135524,152.0,0.13815789473684212,0.13815789473684212,20170314000804,"Tue, 14 Mar 2017 00:08:04 +0100","Mozilla/5.0 (Windows NT 10.0; WOW64) AppleWebKit/537.36 (KHTML, like Gecko) Chrome/56.0.2924.87 Safari/537.36",1920x1080,1920x974,1903x1890,udmn8f2gt6i6n8ukfemph5cm84-dd-top_left,udmn8f2gt6i6n8ukfemph5cm84,0,4
0,1489444380976,281,541,mousedown,//*[@id='rso']/div[1]/div/h3/a,{},"{""topRight"":634,""topLeft"":461,""bottomRight"":462,""bottomLeft"":156,""middle"":279,""inTarget"":false}",0.14635416666666667,0.555441478439425,90.0,0.05665577237325316,-0.08150212236358896,20170314000804,"Tue, 14 Mar 2017 00:08:04 +0100","Mozilla/5.0 (Windows NT 10.0; WOW64) AppleWebKit/537.36 (KHTML, like Gecko) Chrome/56.0.2924.87 Safari/537.36",1920x1080,1920x974,1903x1890,udmn8f2gt6i6n8ukfemph5cm84-dd-top_left,udmn8f2gt6i6n8ukfemph5cm84,0,4
0,1489444381077,281,541,mouseup,//*[@id='rso']/div[1]/div/h3/a,{},"{""topRight"":634,""topLeft"":461,""bottomRight"":462,""bottomLeft"":156,""middle"":279,""inTarget"":false}",0.14635416666666667,0.555441478439425,101.0,0.0,-0.05665577237325316,20170314000804,"Tue, 14 Mar 2017 00:08:04 +0100","Mozilla/5.0 (Windows NT 10.0; WOW64) AppleWebKit/537.36 (KHTML, like Gecko) Chrome/56.0.2924.87 Safari/537.36",1920x1080,1920x974,1903x1890,udmn8f2gt6i6n8ukfemph5cm84-dd-top_left,udmn8f2gt6i6n8ukfemph5cm84,0,4
0,1489444381077,281,541,click,//*[@id='rso']/div[1]/div/h3/a,{},"{""topRight"":634,""topLeft"":461,""bottomRight"":462,""bottomLeft"":156,""middle"":279,""inTarget"":false}",0.14635416666666667,0.555441478439425,0.0,0.0,0.0,20170314000804,"Tue, 14 Mar 2017 00:08:04 +0100","Mozilla/5.0 (Windows NT 10.0; WOW64) AppleWebKit/537.36 (KHTML, like Gecko) Chrome/56.0.2924.87 Safari/537.36",1920x1080,1920x974,1903x1890,udmn8f2gt6i6n8ukfemph5cm84-dd-top_left,udmn8f2gt6i6n8ukfemph5cm84,0,4
0,1489444381078,0,0,beforeunload,/,{},{},0.0,0.0,1.0,609.6244745743071,609.6244745743071,20170314000804,"Tue, 14 Mar 2017 00:08:04 +0100","Mozilla/5.0 (Windows NT 10.0; WOW64) AppleWebKit/537.36 (KHTML, like Gecko) Chrome/56.0.2924.87 Safari/537.36",1920x1080,1920x974,1903x1890,udmn8f2gt6i6n8ukfemph5cm84-dd-top_left,udmn8f2gt6i6n8ukfemph5cm84,0,4
0,1489444381286,283,541,mousemove,//*[@id='rso']/div[1]/div/h3/a,{},"{""topRight"":632,""topLeft"":462,""bottomRight"":460,""bottomLeft"":158,""middle"":278,""inTarget"":false}",0.14739583333333334,0.555441478439425,208.0,2.9353314102781787,-606.6891431640289,20170314000804,"Tue, 14 Mar 2017 00:08:04 +0100","Mozilla/5.0 (Windows NT 10.0; WOW64) AppleWebKit/537.36 (KHTML, like Gecko) Chrome/56.0.2924.87 Safari/537.36",1920x1080,1920x974,1903x1890,udmn8f2gt6i6n8ukfemph5cm84-dd-top_left,udmn8f2gt6i6n8ukfemph5cm84,0,4
0,1489444381437,468,315,mousemove,//*[@id='tvcap']/div/div/div[2]/div[1],{},"{""topRight"":345,""topLeft"":399,""bottomRight"":337,""bottomLeft"":392,""middle"":34,""inTarget"":true}",0.24375,0.32340862422997946,151.0,1.9341943661760312,-1.0011370441021474,20170314000804,"Tue, 14 Mar 2017 00:08:04 +0100","Mozilla/5.0 (Windows NT 10.0; WOW64) AppleWebKit/537.36 (KHTML, like Gecko) Chrome/56.0.2924.87 Safari/537.36",1920x1080,1920x974,1903x1890,udmn8f2gt6i6n8ukfemph5cm84-dd-top_left,udmn8f2gt6i6n8ukfemph5cm84,0,4
0,1489444381589,563,220,mousemove,//*[@id='tvcap']/div/div/div[2]/div[1]/div[3]/div[1]/div[1],{},"{""topRight"":212,""topLeft"":450,""bottomRight"":342,""bottomLeft"":523,""middle"":156,""inTarget"":true}",0.29322916666666665,0.22587268993839835,152.0,0.8838834764831844,-1.0503108896928468,20170314000804,"Tue, 14 Mar 2017 00:08:04 +0100","Mozilla/5.0 (Windows NT 10.0; WOW64) AppleWebKit/537.36 (KHTML, like Gecko) Chrome/56.0.2924.87 Safari/537.36",1920x1080,1920x974,1903x1890,udmn8f2gt6i6n8ukfemph5cm84-dd-top_left,udmn8f2gt6i6n8ukfemph5cm84,0,4
0,1489444381742,569,177,mousemove,//*[@id='tvcap']/div/div/div[2]/div[1]/div[3]/div[1]/div[1],{},"{""topRight"":187,""topLeft"":447,""bottomRight"":376,""bottomLeft"":553,""middle"":188,""inTarget"":true}",0.29635416666666664,0.18172484599589322,153.0,0.2837685404717962,-0.6001149360113882,20170314000804,"Tue, 14 Mar 2017 00:08:04 +0100","Mozilla/5.0 (Windows NT 10.0; WOW64) AppleWebKit/537.36 (KHTML, like Gecko) Chrome/56.0.2924.87 Safari/537.36",1920x1080,1920x974,1903x1890,udmn8f2gt6i6n8ukfemph5cm84-dd-top_left,udmn8f2gt6i6n8ukfemph5cm84,0,4
0,1489444381883,0,0,unload,/,{},{},0.0,0.0,141.0,4.226200609408674,3.9424320689368777,20170314000804,"Tue, 14 Mar 2017 00:08:04 +0100","Mozilla/5.0 (Windows NT 10.0; WOW64) AppleWebKit/537.36 (KHTML, like Gecko) Chrome/56.0.2924.87 Safari/537.36",1920x1080,1920x974,1903x1890,udmn8f2gt6i6n8ukfemph5cm84-dd-top_left,udmn8f2gt6i6n8ukfemph5cm84,0,4
