cursor,timestamp,xpos,ypos,event,xpath,attrs,extras,xpos_scaled,ypos_scaled,timestamp_diff,speed,acceleration,log_id,date,ua,screen,window,document,task,user_id,ad_clicked,attention
0,1486857110654,0,0,load,/,{},{},0.0,0.0,1.0,0.0,0.0,20170212005014,"Sun, 12 Feb 2017 00:50:14 +0100","Mozilla/5.0 (Windows NT 10.0; WOW64) AppleWebKit/537.36 (KHTML, like Gecko) Chrome/56.0.2924.87 Safari/537.36",1920x1080,1920x974,1903x1691,qlprvq85lr49fam01i81klioh0-dd-top_right,qlprvq85lr49fam01i81klioh0,0,2
0,1486857111115,703,349,mousemove,//*[@id='rso']/div[2]/div/div/div[1]/div[2]/div[1]/div,{},"{""topRight"":593,""topLeft"":258,""bottomRight"":541,""bottomLeft"":88,""middle"":335,""inTarget"":false}",0.36614583333333334,0.35831622176591377,461.0,1.7025228750064683,1.7025228750064683,20170212005014,"Sun, 12 Feb 2017 00:50:14 +0100","Mozilla/5.0 (Windows NT 10.0; WOW64) AppleWebKit/537.36 (KHTML, like Gecko) Chrome/56.0.2924.87 Safari/537.36",1920x1080,1920x974,1903x1691,qlprvq85lr49fam01i81klioh0-dd-top_right,qlprvq85lr49fam01i81klioh0,0,2
0,1486857111267,696,57,mouseover,//*[@id='searchform']/div/div,{},"{""topRight"":550,""topLeft"":106,""bottomRight"":626,""bottomLeft"":317,""middle"":366,""inTarget"":false}",0.3625,0.058521560574948665,152.0,1.9216045530159802,0.21908167800951195,20170212005014,"Sun, 12 Feb 2017 00:50:14 +0100","Mozilla/5.0 (Windows NT 10.0; WOW64) AppleWebKit/537.36 (KHTML, like Gecko) Chrome/56.0.2924.87 Safari/537.36",1920x1080,1920x974,1903x1691,qlprvq85lr49fam01i81klioh0-dd-top_right,qlprvq85lr49fam01i81klioh0,0,2
0,1486857111556,0,0,blur,/,{},{},0.0,0.0,289.0,2.416367305004463,0.49476275198848296,20170212005014,"Sun, 12 Feb 2017 00:50:14 +0100","Mozilla/5.0 (Windows NT 10.0; WOW64) AppleWebKit/537.36 (KHTML, like Gecko) Chrome/56.0.2924.87 Safari/537.36",1920x1080,1920x974,1903x1691,qlprvq85lr49fam01i81klioh0-dd-top_right,qlprvq85lr49fam01i81klioh0,0,2
0,1486857114418,0,0,focus,/,{},{},0.0,0.0,2862.0,0.0,-2.416367305004463,20170212005014,"Sun, 12 Feb 2017 00:50:14 +0100","Mozilla/5.0 (Windows NT 10.0; WOW64) AppleWebKit/537.36 (KHTML, like Gecko) Chrome/56.0.2924.87 Safari/537.36",1920x1080,1920x974,1903x1691,qlprvq85lr49fam01i81klioh0-dd-top_right,qlprvq85lr49fam01i81klioh0,0,2
0,1486857114716,756,7,mouseover,//*[@id='tsf']/div[2]/div[2],{},"{""topRight"":498,""topLeft"":105,""bottomRight"":602,""bottomLeft"":355,""middle"":345,""inTarget"":false}",0.39375,0.007186858316221766,298.0,2.5370214990363555,2.5370214990363555,20170212005014,"Sun, 12 Feb 2017 00:50:14 +0100","Mozilla/5.0 (Windows NT 10.0; WOW64) AppleWebKit/537.36 (KHTML, like Gecko) Chrome/56.0.2924.87 Safari/537.36",1920x1080,1920x974,1903x1691,qlprvq85lr49fam01i81klioh0-dd-top_right,qlprvq85lr49fam01i81klioh0,0,2
0,1486857114868,456,105,mousemove,//*[@id='tads'],{},"{""topRight"":788,""topLeft"":334,""bottomRight"":828,""bottomLeft"":420,""middle"":575,""inTarget"":false}",0.2375,0.10780287474332649,152.0,2.0763224601320367,-0.46069903890431885,20170212005014,"Sun, 12 Feb 2017 00:50:14 +0100","Mozilla/5.0 (Windows NT 10.0; WOW64) AppleWebKit/537.36 (KHTML, like Gecko) Chrome/56.0.2924.87 Safari/537.36",1920x1080,1920x974,1903x1691,qlprvq85lr49fam01i81klioh0-dd-top_right,qlprvq85lr49fam01i81klioh0,0,2
0,1486857115019,419,110,mousemove,//*[@id='center_col'],{},"{""topRight"":825,""topLeft"":371,""bottomRight"":862,""bottomLeft"":447,""middle"":611,""inTarget"":false}",0.21822916666666667,0.11293634496919917,151.0,0.24726032718668173,-1.829062132945355,20170212005014,"Sun, 12 Feb 2017 00:50:14 +0100","Mozilla/5.0 (Windows NT 10.0; WOW64) AppleWebKit/537.36 (KHTML, like Gecko) Chrome/56.0.2924.87 Safari/537.36",1920x1080,1920x974,1903x1691,qlprvq85lr49fam01i81klioh0-dd-top_right,qlprvq85lr49fam01i81klioh0,0,2
0,1486857115173,317,113,mouseover,//*[@id='rso']/div[1]/div[1]/div/h3/a,{},"{""topRight"":927,""topLeft"":473,""bottomRight"":959,""bottomLeft"":534,""middle"":710,""inTarget"":false}",0.16510416666666666,0.11601642710472279,154.0,0.6626240786374655,0.4153637514507838,20170212005014,"Sun, 12 Feb 2017 00:50:14 +0100","Mozilla/5.0 (Windows NT 10.0; WOW64) AppleWebKit/537.36 (KHTML, like Gecko) Chrome/56.0.2924.87 Safari/537.36",1920x1080,1920x974,1903x1691,qlprvq85lr49fam01i81klioh0-dd-top_right,qlprvq85lr49fam01i81klioh0,0,2
0,1486857115348,283,119,mousemove,//*[@id='rso']/div[1]/div[1]/div/h3/a,{},"{""topRight"":961,""topLeft"":507,""bottomRight"":991,""bottomLeft"":561,""middle"":743,""inTarget"":false}",0.14739583333333334,0.12217659137577003,175.0,0.19728773144722364,-0.46533634719024186,20170212005014,"Sun, 12 Feb 2017 00:50:14 +0100","Mozilla/5.0 (Windows NT 10.0; WOW64) AppleWebKit/537.36 (KHTML, like Gecko) Chrome/56.0.2924.87 Safari/537.36",1920x1080,1920x974,1903x1691,qlprvq85lr49fam01i81klioh0-dd-top_right,qlprvq85lr49fam01i81klioh0,0,2
0,1486857116718,281,121,mousemove,//*[@id='rso']/div[1]/div[1]/div/h3/a,{},"{""topRight"":963,""topLeft"":509,""bottomRight"":992,""bottomLeft"":562,""middle"":744,""inTarget"":false}",0.14635416666666667,0.12422997946611909,1370.0,0.002064545346530066,-0.19522318610069359,20170212005014,"Sun, 12 Feb 2017 00:50:14 +0100","Mozilla/5.0 (Windows NT 10.0; WOW64) AppleWebKit/537.36 (KHTML, like Gecko) Chrome/56.0.2924.87 Safari/537.36",1920x1080,1920x974,1903x1691,qlprvq85lr49fam01i81klioh0-dd-top_right,qlprvq85lr49fam01i81klioh0,0,2
0,1486857117070,282,123,mousedown,//*[@id='rso']/div[1]/div[1]/div/h3/a,{},"{""topRight"":962,""topLeft"":508,""bottomRight"":991,""bottomLeft"":561,""middle"":743,""inTarget"":false}",0.146875,0.12628336755646818,352.0,0.0063524658451698576,0.0042879204986397915,20170212005014,"Sun, 12 Feb 2017 00:50:14 +0100","Mozilla/5.0 (Windows NT 10.0; WOW64) AppleWebKit/537.36 (KHTML, like Gecko) Chrome/56.0.2924.87 Safari/537.36",1920x1080,1920x974,1903x1691,qlprvq85lr49fam01i81klioh0-dd-top_right,qlprvq85lr49fam01i81klioh0,0,2
0,1486857117189,282,123,mouseup,//*[@id='rso']/div[1]/div[1]/div/h3/a,{},"{""topRight"":962,""topLeft"":508,""bottomRight"":991,""bottomLeft"":561,""middle"":743,""inTarget"":false}",0.146875,0.12628336755646818,119.0,0.0,-0.0063524658451698576,20170212005014,"Sun, 12 Feb 2017 00:50:14 +0100","Mozilla/5.0 (Windows NT 10.0; WOW64) AppleWebKit/537.36 (KHTML, like Gecko) Chrome/56.0.2924.87 Safari/537.36",1920x1080,1920x974,1903x1691,qlprvq85lr49fam01i81klioh0-dd-top_right,qlprvq85lr49fam01i81klioh0,0,2
0,1486857117190,282,123,click,//*[@id='rso']/div[1]/div[1]/div/h3/a,{},"{""topRight"":962,""topLeft"":508,""bottomRight"":991,""bottomLeft"":561,""middle"":743,""inTarget"":false}",0.146875,0.12628336755646818,1.0,0.0,0.0,20170212005014,"Sun, 12 Feb 2017 00:50:14 +0100","Mozilla/5.0 (Windows NT 10.0; WOW64) AppleWebKit/537.36 (KHTML, like Gecko) Chrome/56.0.2924.87 Safari/537.36",1920x1080,1920x974,1903x1691,qlprvq85lr49fam01i81klioh0-dd-top_right,qlprvq85lr49fam01i81klioh0,0,2
0,1486857117191,0,0,beforeunload,/,{},{},0.0,0.0,1.0,307.6572768520192,307.6572768520192,20170212005014,"Sun, 12 Feb 2017 00:50:14 +0100","Mozilla/5.0 (Windows NT 10.0; WOW64) AppleWebKit/537.36 (KHTML, like Gecko) Chrome/56.0.2924.87 Safari/537.36",1920x1080,1920x974,1903x1691,qlprvq85lr49fam01i81klioh0-dd-top_right,qlprvq85lr49fam01i81klioh0,0,2
0,1486857117334,0,0,unload,/,{},{},0.0,0.0,143.0,0.0,-307.6572768520192,20170212005014,"Sun, 12 Feb 2017 00:50:14 +0100","Mozilla/5.0 (Windows NT 10.0; WOW64) AppleWebKit/537.36 (KHTML, like Gecko) Chrome/56.0.2924.87 Safari/537.36",1920x1080,1920x974,1903x1691,qlprvq85lr49fam01i81klioh0-dd-top_right,qlprvq85lr49fam01i81klioh0,0,2
