cursor,timestamp,xpos,ypos,event,xpath,attrs,extras,xpos_scaled,ypos_scaled,timestamp_diff,speed,acceleration,log_id,date,ua,screen,window,document,task,user_id,ad_clicked,attention
0,1486734469697,0,0,load,/,{},{},0.0,0.0,1.0,0.0,0.0,20170210144612,"Fri, 10 Feb 2017 14:46:12 +0100",Mozilla/5.0 (Windows NT 6.1; WOW64; rv:47.0) Gecko/20100101 Firefox/47.0,1366x768,1366x670,1349x1927,b9f6sehon29ldr7sjmktnlp9e1-dd-top_right,b9f6sehon29ldr7sjmktnlp9e1,0,4
0,1486734472223,404,253,mousemove,//*[@id='rso']/div[1]/div[2]/div/div/div/span,{},"{""topRight"":853,""topLeft"":413,""bottomRight"":847,""bottomLeft"":400,""middle"":613,""inTarget"":false}",0.2957540263543192,0.3776119402985075,2526.0,0.18870991100894835,0.18870991100894835,20170210144612,"Fri, 10 Feb 2017 14:46:12 +0100",Mozilla/5.0 (Windows NT 6.1; WOW64; rv:47.0) Gecko/20100101 Firefox/47.0,1366x768,1366x670,1349x1927,b9f6sehon29ldr7sjmktnlp9e1-dd-top_right,b9f6sehon29ldr7sjmktnlp9e1,0,4
0,1486734472390,401,169,mouseover,//*[@id='rso']/div[1]/div[1]/div/div/div,{},"{""topRight"":845,""topLeft"":394,""bottomRight"":864,""bottomLeft"":432,""middle"":619,""inTarget"":false}",0.2935578330893119,0.25223880597014925,167.0,0.5033146967468946,0.3146047857379462,20170210144612,"Fri, 10 Feb 2017 14:46:12 +0100",Mozilla/5.0 (Windows NT 6.1; WOW64; rv:47.0) Gecko/20100101 Firefox/47.0,1366x768,1366x670,1349x1927,b9f6sehon29ldr7sjmktnlp9e1-dd-top_right,b9f6sehon29ldr7sjmktnlp9e1,0,4
0,1486734472600,415,134,mouseover,//*[@id='rso']/div[1]/div[1]/div/h3/a,{},"{""topRight"":829,""topLeft"":376,""bottomRight"":859,""bottomLeft"":437,""middle"":610,""inTarget"":false}",0.30380673499267935,0.2,210.0,0.17950549357115014,-0.3238092031757444,20170210144612,"Fri, 10 Feb 2017 14:46:12 +0100",Mozilla/5.0 (Windows NT 6.1; WOW64; rv:47.0) Gecko/20100101 Firefox/47.0,1366x768,1366x670,1349x1927,b9f6sehon29ldr7sjmktnlp9e1-dd-top_right,b9f6sehon29ldr7sjmktnlp9e1,0,4
0,1486734472759,422,130,mousemove,//*[@id='rso']/div[1]/div[1]/div/h3/a,{},"{""topRight"":822,""topLeft"":369,""bottomRight"":853,""bottomLeft"":433,""middle"":604,""inTarget"":false}",0.3089311859443631,0.19402985074626866,159.0,0.050706023574204714,-0.12879946999694541,20170210144612,"Fri, 10 Feb 2017 14:46:12 +0100",Mozilla/5.0 (Windows NT 6.1; WOW64; rv:47.0) Gecko/20100101 Firefox/47.0,1366x768,1366x670,1349x1927,b9f6sehon29ldr7sjmktnlp9e1-dd-top_right,b9f6sehon29ldr7sjmktnlp9e1,0,4
0,1486734472927,423,127,mousemove,//*[@id='rso']/div[1]/div[1]/div/h3/a,{},"{""topRight"":821,""topLeft"":368,""bottomRight"":853,""bottomLeft"":434,""middle"":603,""inTarget"":false}",0.3096632503660322,0.18955223880597014,168.0,0.01882308131052607,-0.031882942263678646,20170210144612,"Fri, 10 Feb 2017 14:46:12 +0100",Mozilla/5.0 (Windows NT 6.1; WOW64; rv:47.0) Gecko/20100101 Firefox/47.0,1366x768,1366x670,1349x1927,b9f6sehon29ldr7sjmktnlp9e1-dd-top_right,b9f6sehon29ldr7sjmktnlp9e1,0,4
0,1486734474525,424,127,mousedown,//*[@id='rso']/div[1]/div[1]/div/h3/a,{},"{""topRight"":820,""topLeft"":367,""bottomRight"":852,""bottomLeft"":433,""middle"":602,""inTarget"":false}",0.3103953147877013,0.18955223880597014,1598.0,0.0006257822277847309,-0.018197299082741338,20170210144612,"Fri, 10 Feb 2017 14:46:12 +0100",Mozilla/5.0 (Windows NT 6.1; WOW64; rv:47.0) Gecko/20100101 Firefox/47.0,1366x768,1366x670,1349x1927,b9f6sehon29ldr7sjmktnlp9e1-dd-top_right,b9f6sehon29ldr7sjmktnlp9e1,0,4
0,1486734474678,424,127,mouseup,//*[@id='rso']/div[1]/div[1]/div/h3/a,{},"{""topRight"":820,""topLeft"":367,""bottomRight"":852,""bottomLeft"":433,""middle"":602,""inTarget"":false}",0.3103953147877013,0.18955223880597014,153.0,0.0,-0.0006257822277847309,20170210144612,"Fri, 10 Feb 2017 14:46:12 +0100",Mozilla/5.0 (Windows NT 6.1; WOW64; rv:47.0) Gecko/20100101 Firefox/47.0,1366x768,1366x670,1349x1927,b9f6sehon29ldr7sjmktnlp9e1-dd-top_right,b9f6sehon29ldr7sjmktnlp9e1,0,4
0,1486734474739,0,0,beforeunload,/,{},{},0.0,0.0,61.0,7.2559273419026304,7.2559273419026304,20170210144612,"Fri, 10 Feb 2017 14:46:12 +0100",Mozilla/5.0 (Windows NT 6.1; WOW64; rv:47.0) Gecko/20100101 Firefox/47.0,1366x768,1366x670,1349x1927,b9f6sehon29ldr7sjmktnlp9e1-dd-top_right,b9f6sehon29ldr7sjmktnlp9e1,0,4
0,1486734474769,424,127,click,//*[@id='rso']/div[1]/div[1]/div/h3/a,{},"{""topRight"":820,""topLeft"":367,""bottomRight"":852,""bottomLeft"":433,""middle"":602,""inTarget"":false}",0.3103953147877013,0.18955223880597014,30.0,14.753718928535347,7.497791586632717,20170210144612,"Fri, 10 Feb 2017 14:46:12 +0100",Mozilla/5.0 (Windows NT 6.1; WOW64; rv:47.0) Gecko/20100101 Firefox/47.0,1366x768,1366x670,1349x1927,b9f6sehon29ldr7sjmktnlp9e1-dd-top_right,b9f6sehon29ldr7sjmktnlp9e1,0,4
0,1486734474997,0,0,unload,/,{},{},0.0,0.0,228.0,1.94127880638623,-12.812440122149118,20170210144612,"Fri, 10 Feb 2017 14:46:12 +0100",Mozilla/5.0 (Windows NT 6.1; WOW64; rv:47.0) Gecko/20100101 Firefox/47.0,1366x768,1366x670,1349x1927,b9f6sehon29ldr7sjmktnlp9e1-dd-top_right,b9f6sehon29ldr7sjmktnlp9e1,0,4
