cursor,timestamp,xpos,ypos,event,xpath,attrs,extras,xpos_scaled,ypos_scaled,timestamp_diff,speed,acceleration,log_id,date,ua,screen,window,document,task,user_id,ad_clicked,attention
0,1483310091083,354,309,mouseover,//*[@id='uid_WC7L7QADCcYKJipIdALD4A_0']/div/div/div/div[1]/div[3]/div[1]/a/div/img,{},"{""topRight"":440,""topLeft"":304,""bottomRight"":390,""bottomLeft"":226,""middle"":125,""inTarget"":true}",0.26222222222222225,0.5057283142389526,1.0,0.0,0.0,20170101233306,"Sun, 01 Jan 2017 23:33:06 +0100","Mozilla/5.0 (Windows NT 10.0; WOW64) AppleWebKit/537.36 (KHTML, like Gecko) Chrome/55.0.2883.87 Safari/537.36",1366x768,1350x611,1333x1814,qq1d08bp61vd9viihfndmg1200-dd-top_left,qq1d08bp61vd9viihfndmg1200,0,4
0,1483310091195,0,0,load,/,{},{},0.0,0.0,112.0,4.195450113892819,4.195450113892819,20170101233306,"Sun, 01 Jan 2017 23:33:06 +0100","Mozilla/5.0 (Windows NT 10.0; WOW64) AppleWebKit/537.36 (KHTML, like Gecko) Chrome/55.0.2883.87 Safari/537.36",1366x768,1350x611,1333x1814,qq1d08bp61vd9viihfndmg1200-dd-top_left,qq1d08bp61vd9viihfndmg1200,0,4
0,1483310091225,0,0,select,//*[@id='lst-ib'],{},{},0.0,0.0,30.0,0.0,-4.195450113892819,20170101233306,"Sun, 01 Jan 2017 23:33:06 +0100","Mozilla/5.0 (Windows NT 10.0; WOW64) AppleWebKit/537.36 (KHTML, like Gecko) Chrome/55.0.2883.87 Safari/537.36",1366x768,1350x611,1333x1814,qq1d08bp61vd9viihfndmg1200-dd-top_left,qq1d08bp61vd9viihfndmg1200,0,4
0,1483310092071,0,0,scroll,/,{},{},0.0,0.0,846.0,0.0,0.0,20170101233306,"Sun, 01 Jan 2017 23:33:06 +0100","Mozilla/5.0 (Windows NT 10.0; WOW64) AppleWebKit/537.36 (KHTML, like Gecko) Chrome/55.0.2883.87 Safari/537.36",1366x768,1350x611,1333x1814,qq1d08bp61vd9viihfndmg1200-dd-top_left,qq1d08bp61vd9viihfndmg1200,0,4
0,1483310092235,0,0,scroll,/,{},{},0.0,0.0,164.0,0.0,0.0,20170101233306,"Sun, 01 Jan 2017 23:33:06 +0100","Mozilla/5.0 (Windows NT 10.0; WOW64) AppleWebKit/537.36 (KHTML, like Gecko) Chrome/55.0.2883.87 Safari/537.36",1366x768,1350x611,1333x1814,qq1d08bp61vd9viihfndmg1200-dd-top_left,qq1d08bp61vd9viihfndmg1200,0,4
0,1483310092385,0,0,scroll,/,{},{},0.0,0.0,150.0,0.0,0.0,20170101233306,"Sun, 01 Jan 2017 23:33:06 +0100","Mozilla/5.0 (Windows NT 10.0; WOW64) AppleWebKit/537.36 (KHTML, like Gecko) Chrome/55.0.2883.87 Safari/537.36",1366x768,1350x611,1333x1814,qq1d08bp61vd9viihfndmg1200-dd-top_left,qq1d08bp61vd9viihfndmg1200,0,4
0,1483310093191,354,614,mouseover,//*[@id='rso']/div[1]/div/table/tbody/tr[3]/td[1]/div/div/div,{},"{""topRight"":640,""topLeft"":556,""bottomRight"":487,""bottomLeft"":369,""middle"":408,""inTarget"":false}",0.26222222222222225,1.004909983633388,806.0,0.8793296855545107,0.8793296855545107,20170101233306,"Sun, 01 Jan 2017 23:33:06 +0100","Mozilla/5.0 (Windows NT 10.0; WOW64) AppleWebKit/537.36 (KHTML, like Gecko) Chrome/55.0.2883.87 Safari/537.36",1366x768,1350x611,1333x1814,qq1d08bp61vd9viihfndmg1200-dd-top_left,qq1d08bp61vd9viihfndmg1200,0,4
0,1483310093352,0,0,scroll,/,{},{},0.0,0.0,161.0,4.40211010283811,3.5227804172835993,20170101233306,"Sun, 01 Jan 2017 23:33:06 +0100","Mozilla/5.0 (Windows NT 10.0; WOW64) AppleWebKit/537.36 (KHTML, like Gecko) Chrome/55.0.2883.87 Safari/537.36",1366x768,1350x611,1333x1814,qq1d08bp61vd9viihfndmg1200-dd-top_left,qq1d08bp61vd9viihfndmg1200,0,4
0,1483310093502,0,0,scroll,/,{},{},0.0,0.0,150.0,0.0,-4.40211010283811,20170101233306,"Sun, 01 Jan 2017 23:33:06 +0100","Mozilla/5.0 (Windows NT 10.0; WOW64) AppleWebKit/537.36 (KHTML, like Gecko) Chrome/55.0.2883.87 Safari/537.36",1366x768,1350x611,1333x1814,qq1d08bp61vd9viihfndmg1200-dd-top_left,qq1d08bp61vd9viihfndmg1200,0,4
0,1483310093885,0,0,scroll,/,{},{},0.0,0.0,383.0,0.0,0.0,20170101233306,"Sun, 01 Jan 2017 23:33:06 +0100","Mozilla/5.0 (Windows NT 10.0; WOW64) AppleWebKit/537.36 (KHTML, like Gecko) Chrome/55.0.2883.87 Safari/537.36",1366x768,1350x611,1333x1814,qq1d08bp61vd9viihfndmg1200-dd-top_left,qq1d08bp61vd9viihfndmg1200,0,4
0,1483310094035,0,0,scroll,/,{},{},0.0,0.0,150.0,0.0,0.0,20170101233306,"Sun, 01 Jan 2017 23:33:06 +0100","Mozilla/5.0 (Windows NT 10.0; WOW64) AppleWebKit/537.36 (KHTML, like Gecko) Chrome/55.0.2883.87 Safari/537.36",1366x768,1350x611,1333x1814,qq1d08bp61vd9viihfndmg1200-dd-top_left,qq1d08bp61vd9viihfndmg1200,0,4
0,1483310094185,0,0,scroll,/,{},{},0.0,0.0,150.0,0.0,0.0,20170101233306,"Sun, 01 Jan 2017 23:33:06 +0100","Mozilla/5.0 (Windows NT 10.0; WOW64) AppleWebKit/537.36 (KHTML, like Gecko) Chrome/55.0.2883.87 Safari/537.36",1366x768,1350x611,1333x1814,qq1d08bp61vd9viihfndmg1200-dd-top_left,qq1d08bp61vd9viihfndmg1200,0,4
0,1483310094426,353,414,mousemove,//*[@id='rso']/div[1]/div/table/tbody/tr[1]/td[1],{},"{""topRight"":498,""topLeft"":381,""bottomRight"":402,""bottomLeft"":243,""middle"":217,""inTarget"":false}",0.2614814814814815,0.6775777414075287,241.0,2.2575245453170165,2.2575245453170165,20170101233306,"Sun, 01 Jan 2017 23:33:06 +0100","Mozilla/5.0 (Windows NT 10.0; WOW64) AppleWebKit/537.36 (KHTML, like Gecko) Chrome/55.0.2883.87 Safari/537.36",1366x768,1350x611,1333x1814,qq1d08bp61vd9viihfndmg1200-dd-top_left,qq1d08bp61vd9viihfndmg1200,0,4
0,1483310094578,263,407,mousemove,//*[@id='rso']/div[1]/div/div/div/div,{},"{""topRight"":567,""topLeft"":330,""bottomRight"":488,""bottomLeft"":160,""middle"":259,""inTarget"":false}",0.1948148148148148,0.6661211129296236,152.0,0.5938934984781582,-1.6636310468388582,20170101233306,"Sun, 01 Jan 2017 23:33:06 +0100","Mozilla/5.0 (Windows NT 10.0; WOW64) AppleWebKit/537.36 (KHTML, like Gecko) Chrome/55.0.2883.87 Safari/537.36",1366x768,1350x611,1333x1814,qq1d08bp61vd9viihfndmg1200-dd-top_left,qq1d08bp61vd9viihfndmg1200,0,4
0,1483310094739,252,389,mousemove,//*[@id='rso']/div[1]/div/div/div/div,{},"{""topRight"":568,""topLeft"":309,""bottomRight"":497,""bottomLeft"":141,""middle"":254,""inTarget"":false}",0.18666666666666668,0.6366612111292962,161.0,0.13102498825918626,-0.4628685102189719,20170101233306,"Sun, 01 Jan 2017 23:33:06 +0100","Mozilla/5.0 (Windows NT 10.0; WOW64) AppleWebKit/537.36 (KHTML, like Gecko) Chrome/55.0.2883.87 Safari/537.36",1366x768,1350x611,1333x1814,qq1d08bp61vd9viihfndmg1200-dd-top_left,qq1d08bp61vd9viihfndmg1200,0,4
0,1483310094890,272,363,mousemove,//*[@id='rso']/div[1]/div/div/div/div/div/cite,{},"{""topRight"":537,""topLeft"":295,""bottomRight"":474,""bottomLeft"":150,""middle"":222,""inTarget"":false}",0.20148148148148148,0.5941080196399345,151.0,0.21723469492525466,0.08620970666606839,20170101233306,"Sun, 01 Jan 2017 23:33:06 +0100","Mozilla/5.0 (Windows NT 10.0; WOW64) AppleWebKit/537.36 (KHTML, like Gecko) Chrome/55.0.2883.87 Safari/537.36",1366x768,1350x611,1333x1814,qq1d08bp61vd9viihfndmg1200-dd-top_left,qq1d08bp61vd9viihfndmg1200,0,4
0,1483310095356,280,348,mousedown,//*[@id='rso']/div[1]/div/div/h3/a,{},"{""topRight"":523,""topLeft"":286,""bottomRight"":465,""bottomLeft"":154,""middle"":206,""inTarget"":false}",0.2074074074074074,0.5695581014729951,466.0,0.03648068669527897,-0.18075400822997567,20170101233306,"Sun, 01 Jan 2017 23:33:06 +0100","Mozilla/5.0 (Windows NT 10.0; WOW64) AppleWebKit/537.36 (KHTML, like Gecko) Chrome/55.0.2883.87 Safari/537.36",1366x768,1350x611,1333x1814,qq1d08bp61vd9viihfndmg1200-dd-top_left,qq1d08bp61vd9viihfndmg1200,0,4
0,1483310095555,280,348,mouseup,//*[@id='rso']/div[1]/div/div/h3/a,{},"{""topRight"":523,""topLeft"":286,""bottomRight"":465,""bottomLeft"":154,""middle"":206,""inTarget"":false}",0.2074074074074074,0.5695581014729951,199.0,0.0,-0.03648068669527897,20170101233306,"Sun, 01 Jan 2017 23:33:06 +0100","Mozilla/5.0 (Windows NT 10.0; WOW64) AppleWebKit/537.36 (KHTML, like Gecko) Chrome/55.0.2883.87 Safari/537.36",1366x768,1350x611,1333x1814,qq1d08bp61vd9viihfndmg1200-dd-top_left,qq1d08bp61vd9viihfndmg1200,0,4
0,1483310095557,280,348,click,//*[@id='rso']/div[1]/div/div/h3/a,{},"{""topRight"":523,""topLeft"":286,""bottomRight"":465,""bottomLeft"":154,""middle"":206,""inTarget"":false}",0.2074074074074074,0.5695581014729951,2.0,0.0,0.0,20170101233306,"Sun, 01 Jan 2017 23:33:06 +0100","Mozilla/5.0 (Windows NT 10.0; WOW64) AppleWebKit/537.36 (KHTML, like Gecko) Chrome/55.0.2883.87 Safari/537.36",1366x768,1350x611,1333x1814,qq1d08bp61vd9viihfndmg1200-dd-top_left,qq1d08bp61vd9viihfndmg1200,0,4
0,1483310095558,0,0,beforeunload,/,{},{},0.0,0.0,1.0,446.6587063967297,446.6587063967297,20170101233306,"Sun, 01 Jan 2017 23:33:06 +0100","Mozilla/5.0 (Windows NT 10.0; WOW64) AppleWebKit/537.36 (KHTML, like Gecko) Chrome/55.0.2883.87 Safari/537.36",1366x768,1350x611,1333x1814,qq1d08bp61vd9viihfndmg1200-dd-top_left,qq1d08bp61vd9viihfndmg1200,0,4
0,1483310095804,0,0,unload,/,{},{},0.0,0.0,246.0,0.0,-446.6587063967297,20170101233306,"Sun, 01 Jan 2017 23:33:06 +0100","Mozilla/5.0 (Windows NT 10.0; WOW64) AppleWebKit/537.36 (KHTML, like Gecko) Chrome/55.0.2883.87 Safari/537.36",1366x768,1350x611,1333x1814,qq1d08bp61vd9viihfndmg1200-dd-top_left,qq1d08bp61vd9viihfndmg1200,0,4
