cursor,timestamp,xpos,ypos,event,xpath,attrs,extras,xpos_scaled,ypos_scaled,timestamp_diff,speed,acceleration,log_id,date,ua,screen,window,document,task,user_id,ad_clicked,attention
0,1485988274274,0,0,load,/,{},{},0.0,0.0,1.0,0.0,0.0,20170201232934,"Wed, 01 Feb 2017 23:29:34 +0100",Mozilla/5.0 (Windows NT 6.1; WOW64; rv:51.0) Gecko/20100101 Firefox/51.0,1280x720,1280x566,1263x1771,umhncl7j24njh5j68i3j1qa2g4-dd-top_left,umhncl7j24njh5j68i3j1qa2g4,1,5
0,1485988274427,337,207,mouseover,//*[@id='uid_WC7LvgAB3SYKJsKMlwt6kg_0']/div/div/div/div[1]/div[2]/div[1],{},"{""topRight"":419,""topLeft"":232,""bottomRight"":422,""bottomLeft"":238,""middle"":99,""inTarget"":true}",0.26328125,0.3657243816254417,153.0,2.5849487286871815,2.5849487286871815,20170201232934,"Wed, 01 Feb 2017 23:29:34 +0100",Mozilla/5.0 (Windows NT 6.1; WOW64; rv:51.0) Gecko/20100101 Firefox/51.0,1280x720,1280x566,1263x1771,umhncl7j24njh5j68i3j1qa2g4-dd-top_left,umhncl7j24njh5j68i3j1qa2g4,1,5
0,1485988274720,307,205,mousemove,//*[@id='platop1'],{},"{""topRight"":448,""topLeft"":205,""bottomRight"":452,""bottomLeft"":213,""middle"":129,""inTarget"":true}",0.23984375,0.3621908127208481,293.0,0.1026163575315557,-2.4823323711556258,20170201232934,"Wed, 01 Feb 2017 23:29:34 +0100",Mozilla/5.0 (Windows NT 6.1; WOW64; rv:51.0) Gecko/20100101 Firefox/51.0,1280x720,1280x566,1263x1771,umhncl7j24njh5j68i3j1qa2g4-dd-top_left,umhncl7j24njh5j68i3j1qa2g4,1,5
0,1485988274802,307,205,mousedown,//*[@id='platop1'],{},"{""topRight"":448,""topLeft"":205,""bottomRight"":452,""bottomLeft"":213,""middle"":129,""inTarget"":true}",0.23984375,0.3621908127208481,82.0,0.0,-0.1026163575315557,20170201232934,"Wed, 01 Feb 2017 23:29:34 +0100",Mozilla/5.0 (Windows NT 6.1; WOW64; rv:51.0) Gecko/20100101 Firefox/51.0,1280x720,1280x566,1263x1771,umhncl7j24njh5j68i3j1qa2g4-dd-top_left,umhncl7j24njh5j68i3j1qa2g4,1,5
0,1485988274906,307,205,mouseup,//*[@id='platop1'],{},"{""topRight"":448,""topLeft"":205,""bottomRight"":452,""bottomLeft"":213,""middle"":129,""inTarget"":true}",0.23984375,0.3621908127208481,104.0,0.0,0.0,20170201232934,"Wed, 01 Feb 2017 23:29:34 +0100",Mozilla/5.0 (Windows NT 6.1; WOW64; rv:51.0) Gecko/20100101 Firefox/51.0,1280x720,1280x566,1263x1771,umhncl7j24njh5j68i3j1qa2g4-dd-top_left,umhncl7j24njh5j68i3j1qa2g4,1,5
0,1485988274907,0,0,beforeunload,/,{},{},0.0,0.0,1.0,369.15308477649216,369.15308477649216,20170201232934,"Wed, 01 Feb 2017 23:29:34 +0100",Mozilla/5.0 (Windows NT 6.1; WOW64; rv:51.0) Gecko/20100101 Firefox/51.0,1280x720,1280x566,1263x1771,umhncl7j24njh5j68i3j1qa2g4-dd-top_left,umhncl7j24njh5j68i3j1qa2g4,1,5
0,1485988274910,307,205,click,//*[@id='platop1'],{},"{""topRight"":448,""topLeft"":205,""bottomRight"":452,""bottomLeft"":213,""middle"":129,""inTarget"":true}",0.23984375,0.3621908127208481,3.0,123.05102825883073,-246.10205651766142,20170201232934,"Wed, 01 Feb 2017 23:29:34 +0100",Mozilla/5.0 (Windows NT 6.1; WOW64; rv:51.0) Gecko/20100101 Firefox/51.0,1280x720,1280x566,1263x1771,umhncl7j24njh5j68i3j1qa2g4-dd-top_left,umhncl7j24njh5j68i3j1qa2g4,1,5
0,1485988275208,306,205,mousemove,//*[@id='platop1'],{},"{""topRight"":449,""topLeft"":204,""bottomRight"":453,""bottomLeft"":212,""middle"":130,""inTarget"":true}",0.2390625,0.3621908127208481,298.0,0.003355704697986577,-123.04767255413275,20170201232934,"Wed, 01 Feb 2017 23:29:34 +0100",Mozilla/5.0 (Windows NT 6.1; WOW64; rv:51.0) Gecko/20100101 Firefox/51.0,1280x720,1280x566,1263x1771,umhncl7j24njh5j68i3j1qa2g4-dd-top_left,umhncl7j24njh5j68i3j1qa2g4,1,5
0,1485988275211,0,0,unload,/,{},{},0.0,0.0,3.0,122.77395670273255,122.77060099803457,20170201232934,"Wed, 01 Feb 2017 23:29:34 +0100",Mozilla/5.0 (Windows NT 6.1; WOW64; rv:51.0) Gecko/20100101 Firefox/51.0,1280x720,1280x566,1263x1771,umhncl7j24njh5j68i3j1qa2g4-dd-top_left,umhncl7j24njh5j68i3j1qa2g4,1,5
