cursor,timestamp,xpos,ypos,event,xpath,attrs,extras,xpos_scaled,ypos_scaled,timestamp_diff,speed,acceleration,log_id,date,ua,screen,window,document,task,user_id,ad_clicked,attention
0,1483727964379,0,0,load,/,{},{},0.0,0.0,1.0,0.0,0.0,20170106193745,"Fri, 06 Jan 2017 19:37:45 +0100","Mozilla/5.0 (Windows NT 6.3; WOW64) AppleWebKit/537.36 (KHTML, like Gecko) Chrome/55.0.2883.87 Safari/537.36",1440x900,1440x794,1423x794,3rcuchlvkd7u626o4k4dgqr8l1-native-top_left,3rcuchlvkd7u626o4k4dgqr8l1,1,4
0,1483727967406,0,0,focus,/,{},{},0.0,0.0,3027.0,0.0,0.0,20170106193745,"Fri, 06 Jan 2017 19:37:45 +0100","Mozilla/5.0 (Windows NT 6.3; WOW64) AppleWebKit/537.36 (KHTML, like Gecko) Chrome/55.0.2883.87 Safari/537.36",1440x900,1440x794,1423x794,3rcuchlvkd7u626o4k4dgqr8l1-native-top_left,3rcuchlvkd7u626o4k4dgqr8l1,1,4
0,1483727967656,1051,7,mouseover,//*[@id='adblocker'],{},"{""topRight"":401,""topLeft"":1051,""bottomRight"":557,""bottomLeft"":1120,""middle"":750,""inTarget"":false}",0.7298611111111111,0.008816120906801008,250.0,4.204093243494964,4.204093243494964,20170106193745,"Fri, 06 Jan 2017 19:37:45 +0100","Mozilla/5.0 (Windows NT 6.3; WOW64) AppleWebKit/537.36 (KHTML, like Gecko) Chrome/55.0.2883.87 Safari/537.36",1440x900,1440x794,1423x794,3rcuchlvkd7u626o4k4dgqr8l1-native-top_left,3rcuchlvkd7u626o4k4dgqr8l1,1,4
0,1483727967807,921,121,mousemove,//*[@id='adblocker'],{},"{""topRight"":297,""topLeft"":929,""bottomRight"":385,""bottomLeft"":961,""middle"":601,""inTarget"":false}",0.6395833333333333,0.15239294710327456,151.0,1.145063562731178,-3.059029680763786,20170106193745,"Fri, 06 Jan 2017 19:37:45 +0100","Mozilla/5.0 (Windows NT 6.3; WOW64) AppleWebKit/537.36 (KHTML, like Gecko) Chrome/55.0.2883.87 Safari/537.36",1440x900,1440x794,1423x794,3rcuchlvkd7u626o4k4dgqr8l1-native-top_left,3rcuchlvkd7u626o4k4dgqr8l1,1,4
0,1483727967958,676,162,mousemove,/html,{},"{""topRight"":164,""topLeft"":695,""bottomRight"":233,""bottomLeft"":715,""middle"":353,""inTarget"":false}",0.46944444444444444,0.2040302267002519,151.0,1.6450789683384948,0.5000154056073167,20170106193745,"Fri, 06 Jan 2017 19:37:45 +0100","Mozilla/5.0 (Windows NT 6.3; WOW64) AppleWebKit/537.36 (KHTML, like Gecko) Chrome/55.0.2883.87 Safari/537.36",1440x900,1440x794,1423x794,3rcuchlvkd7u626o4k4dgqr8l1-native-top_left,3rcuchlvkd7u626o4k4dgqr8l1,1,4
0,1483727968111,451,152,mousemove,/html,{},"{""topRight"":250,""topLeft"":476,""bottomRight"":313,""bottomLeft"":512,""middle"":134,""inTarget"":false}",0.31319444444444444,0.19143576826196473,153.0,1.4720399515758442,-0.17303901676265054,20170106193745,"Fri, 06 Jan 2017 19:37:45 +0100","Mozilla/5.0 (Windows NT 6.3; WOW64) AppleWebKit/537.36 (KHTML, like Gecko) Chrome/55.0.2883.87 Safari/537.36",1440x900,1440x794,1423x794,3rcuchlvkd7u626o4k4dgqr8l1-native-top_left,3rcuchlvkd7u626o4k4dgqr8l1,1,4
0,1483727968271,297,126,mousemove,//*[@id='adblocker'],{},"{""topRight"":375,""topLeft"":323,""bottomRight"":443,""bottomLeft"":400,""middle"":76,""inTarget"":false}",0.20625,0.15869017632241814,160.0,0.9761211502677319,-0.4959188013081123,20170106193745,"Fri, 06 Jan 2017 19:37:45 +0100","Mozilla/5.0 (Windows NT 6.3; WOW64) AppleWebKit/537.36 (KHTML, like Gecko) Chrome/55.0.2883.87 Safari/537.36",1440x900,1440x794,1423x794,3rcuchlvkd7u626o4k4dgqr8l1-native-top_left,3rcuchlvkd7u626o4k4dgqr8l1,1,4
0,1483727968422,287,128,mousemove,//*[@id='adblocker'],{},"{""topRight"":385,""topLeft"":314,""bottomRight"":450,""bottomLeft"":391,""middle"":79,""inTarget"":false}",0.19930555555555557,0.16120906801007556,151.0,0.06753668229924217,-0.9085844679684898,20170106193745,"Fri, 06 Jan 2017 19:37:45 +0100","Mozilla/5.0 (Windows NT 6.3; WOW64) AppleWebKit/537.36 (KHTML, like Gecko) Chrome/55.0.2883.87 Safari/537.36",1440x900,1440x794,1423x794,3rcuchlvkd7u626o4k4dgqr8l1-native-top_left,3rcuchlvkd7u626o4k4dgqr8l1,1,4
0,1483727968662,293,130,mousemove,//*[@id='adblocker'],{},"{""topRight"":380,""topLeft"":321,""bottomRight"":444,""bottomLeft"":394,""middle"":74,""inTarget"":false}",0.20347222222222222,0.163727959697733,240.0,0.026352313834736497,-0.041184368464505676,20170106193745,"Fri, 06 Jan 2017 19:37:45 +0100","Mozilla/5.0 (Windows NT 6.3; WOW64) AppleWebKit/537.36 (KHTML, like Gecko) Chrome/55.0.2883.87 Safari/537.36",1440x900,1440x794,1423x794,3rcuchlvkd7u626o4k4dgqr8l1-native-top_left,3rcuchlvkd7u626o4k4dgqr8l1,1,4
0,1483727968814,332,106,mousemove,//*[@id='adblocker'],{},"{""topRight"":335,""topLeft"":349,""bottomRight"":429,""bottomLeft"":440,""middle"":91,""inTarget"":false}",0.23055555555555557,0.13350125944584382,152.0,0.3012698195225082,0.2749175056877717,20170106193745,"Fri, 06 Jan 2017 19:37:45 +0100","Mozilla/5.0 (Windows NT 6.3; WOW64) AppleWebKit/537.36 (KHTML, like Gecko) Chrome/55.0.2883.87 Safari/537.36",1440x900,1440x794,1423x794,3rcuchlvkd7u626o4k4dgqr8l1-native-top_left,3rcuchlvkd7u626o4k4dgqr8l1,1,4
0,1483727969110,334,101,mousemove,//*[@id='adblocker'],{},"{""topRight"":332,""topLeft"":349,""bottomRight"":431,""bottomLeft"":444,""middle"":96,""inTarget"":false}",0.23194444444444445,0.12720403022670027,296.0,0.01819312434842738,-0.2830766951740808,20170106193745,"Fri, 06 Jan 2017 19:37:45 +0100","Mozilla/5.0 (Windows NT 6.3; WOW64) AppleWebKit/537.36 (KHTML, like Gecko) Chrome/55.0.2883.87 Safari/537.36",1440x900,1440x794,1423x794,3rcuchlvkd7u626o4k4dgqr8l1-native-top_left,3rcuchlvkd7u626o4k4dgqr8l1,1,4
0,1483727969262,981,49,mousemove,//*[@id='adblocker']/h1,{},"{""topRight"":335,""topLeft"":982,""bottomRight"":478,""bottomLeft"":1040,""middle"":672,""inTarget"":false}",0.68125,0.061712846347607056,152.0,4.270304479338726,4.252111354990299,20170106193745,"Fri, 06 Jan 2017 19:37:45 +0100","Mozilla/5.0 (Windows NT 6.3; WOW64) AppleWebKit/537.36 (KHTML, like Gecko) Chrome/55.0.2883.87 Safari/537.36",1440x900,1440x794,1423x794,3rcuchlvkd7u626o4k4dgqr8l1-native-top_left,3rcuchlvkd7u626o4k4dgqr8l1,1,4
0,1483727969414,1216,42,mousemove,//*[@id='adblocker']/h1,{},"{""topRight"":568,""topLeft"":1217,""bottomRight"":667,""bottomLeft"":1266,""middle"":904,""inTarget"":false}",0.8444444444444444,0.05289672544080604,152.0,1.5467383697599069,-2.7235661095788197,20170106193745,"Fri, 06 Jan 2017 19:37:45 +0100","Mozilla/5.0 (Windows NT 6.3; WOW64) AppleWebKit/537.36 (KHTML, like Gecko) Chrome/55.0.2883.87 Safari/537.36",1440x900,1440x794,1423x794,3rcuchlvkd7u626o4k4dgqr8l1-native-top_left,3rcuchlvkd7u626o4k4dgqr8l1,1,4
0,1483727969590,1294,18,mousemove,//*[@id='adblocker']/h1,{},"{""topRight"":644,""topLeft"":1294,""bottomRight"":746,""bottomLeft"":1348,""middle"":985,""inTarget"":false}",0.8986111111111111,0.022670025188916875,176.0,0.46368649461598105,-1.0830518751439258,20170106193745,"Fri, 06 Jan 2017 19:37:45 +0100","Mozilla/5.0 (Windows NT 6.3; WOW64) AppleWebKit/537.36 (KHTML, like Gecko) Chrome/55.0.2883.87 Safari/537.36",1440x900,1440x794,1423x794,3rcuchlvkd7u626o4k4dgqr8l1-native-top_left,3rcuchlvkd7u626o4k4dgqr8l1,1,4
0,1483727969742,1295,9,mouseover,//*[@id='adblocker'],{},"{""topRight"":645,""topLeft"":1295,""bottomRight"":751,""bottomLeft"":1351,""middle"":988,""inTarget"":false}",0.8993055555555556,0.011335012594458438,152.0,0.05957490222458827,-0.40411159239139277,20170106193745,"Fri, 06 Jan 2017 19:37:45 +0100","Mozilla/5.0 (Windows NT 6.3; WOW64) AppleWebKit/537.36 (KHTML, like Gecko) Chrome/55.0.2883.87 Safari/537.36",1440x900,1440x794,1423x794,3rcuchlvkd7u626o4k4dgqr8l1-native-top_left,3rcuchlvkd7u626o4k4dgqr8l1,1,4
0,1483727973171,852,69,mouseover,//*[@id='adblocker'],{},"{""topRight"":213,""topLeft"":855,""bottomRight"":383,""bottomLeft"":912,""middle"":542,""inTarget"":false}",0.5916666666666667,0.08690176322418136,3429.0,0.13037175284055283,0.07079685061596455,20170106193745,"Fri, 06 Jan 2017 19:37:45 +0100","Mozilla/5.0 (Windows NT 6.3; WOW64) AppleWebKit/537.36 (KHTML, like Gecko) Chrome/55.0.2883.87 Safari/537.36",1440x900,1440x794,1423x794,3rcuchlvkd7u626o4k4dgqr8l1-native-top_left,3rcuchlvkd7u626o4k4dgqr8l1,1,4
0,1483727973171,852,69,mousedown,//*[@id='adblocker'],{},"{""topRight"":213,""topLeft"":855,""bottomRight"":383,""bottomLeft"":912,""middle"":542,""inTarget"":false}",0.5916666666666667,0.08690176322418136,0.0,0.0,-0.13037175284055283,20170106193745,"Fri, 06 Jan 2017 19:37:45 +0100","Mozilla/5.0 (Windows NT 6.3; WOW64) AppleWebKit/537.36 (KHTML, like Gecko) Chrome/55.0.2883.87 Safari/537.36",1440x900,1440x794,1423x794,3rcuchlvkd7u626o4k4dgqr8l1-native-top_left,3rcuchlvkd7u626o4k4dgqr8l1,1,4
0,1483727973246,852,69,mouseup,//*[@id='adblocker'],{},"{""topRight"":213,""topLeft"":855,""bottomRight"":383,""bottomLeft"":912,""middle"":542,""inTarget"":false}",0.5916666666666667,0.08690176322418136,75.0,0.0,0.0,20170106193745,"Fri, 06 Jan 2017 19:37:45 +0100","Mozilla/5.0 (Windows NT 6.3; WOW64) AppleWebKit/537.36 (KHTML, like Gecko) Chrome/55.0.2883.87 Safari/537.36",1440x900,1440x794,1423x794,3rcuchlvkd7u626o4k4dgqr8l1-native-top_left,3rcuchlvkd7u626o4k4dgqr8l1,1,4
0,1483727973246,852,69,click,//*[@id='adblocker'],{},"{""topRight"":213,""topLeft"":855,""bottomRight"":383,""bottomLeft"":912,""middle"":542,""inTarget"":false}",0.5916666666666667,0.08690176322418136,0.0,0.0,0.0,20170106193745,"Fri, 06 Jan 2017 19:37:45 +0100","Mozilla/5.0 (Windows NT 6.3; WOW64) AppleWebKit/537.36 (KHTML, like Gecko) Chrome/55.0.2883.87 Safari/537.36",1440x900,1440x794,1423x794,3rcuchlvkd7u626o4k4dgqr8l1-native-top_left,3rcuchlvkd7u626o4k4dgqr8l1,1,4
0,1483727973398,949,61,mousemove,//*[@id='adblocker'],{},"{""topRight"":305,""topLeft"":951,""bottomRight"":448,""bottomLeft"":1006,""middle"":639,""inTarget"":false}",0.6590277777777778,0.07682619647355164,152.0,0.6403245909048406,0.6403245909048406,20170106193745,"Fri, 06 Jan 2017 19:37:45 +0100","Mozilla/5.0 (Windows NT 6.3; WOW64) AppleWebKit/537.36 (KHTML, like Gecko) Chrome/55.0.2883.87 Safari/537.36",1440x900,1440x794,1423x794,3rcuchlvkd7u626o4k4dgqr8l1-native-top_left,3rcuchlvkd7u626o4k4dgqr8l1,1,4
0,1483727973550,853,86,mousemove,//*[@id='adblocker']/p,{},"{""topRight"":220,""topLeft"":857,""bottomRight"":369,""bottomLeft"":907,""middle"":540,""inTarget"":false}",0.5923611111111111,0.10831234256926953,152.0,0.6526435164443042,0.012318925539463565,20170106193745,"Fri, 06 Jan 2017 19:37:45 +0100","Mozilla/5.0 (Windows NT 6.3; WOW64) AppleWebKit/537.36 (KHTML, like Gecko) Chrome/55.0.2883.87 Safari/537.36",1440x900,1440x794,1423x794,3rcuchlvkd7u626o4k4dgqr8l1-native-top_left,3rcuchlvkd7u626o4k4dgqr8l1,1,4
0,1483727973702,487,91,mousemove,//*[@id='adblocker']/p,{},"{""topRight"":187,""topLeft"":495,""bottomRight"":344,""bottomLeft"":574,""middle"":194,""inTarget"":false}",0.33819444444444446,0.11460957178841309,152.0,2.4081194171850826,1.7554759007407785,20170106193745,"Fri, 06 Jan 2017 19:37:45 +0100","Mozilla/5.0 (Windows NT 6.3; WOW64) AppleWebKit/537.36 (KHTML, like Gecko) Chrome/55.0.2883.87 Safari/537.36",1440x900,1440x794,1423x794,3rcuchlvkd7u626o4k4dgqr8l1-native-top_left,3rcuchlvkd7u626o4k4dgqr8l1,1,4
0,1483727973854,423,91,mousemove,//*[@id='adblocker']/p,{},"{""topRight"":245,""topLeft"":433,""bottomRight"":379,""bottomLeft"":520,""middle"":144,""inTarget"":false}",0.29375,0.11460957178841309,152.0,0.42105263157894735,-1.9870667856061353,20170106193745,"Fri, 06 Jan 2017 19:37:45 +0100","Mozilla/5.0 (Windows NT 6.3; WOW64) AppleWebKit/537.36 (KHTML, like Gecko) Chrome/55.0.2883.87 Safari/537.36",1440x900,1440x794,1423x794,3rcuchlvkd7u626o4k4dgqr8l1-native-top_left,3rcuchlvkd7u626o4k4dgqr8l1,1,4
0,1483727974206,419,92,mousemove,//*[@id='adblocker']/p,{},"{""topRight"":249,""topLeft"":429,""bottomRight"":380,""bottomLeft"":516,""middle"":141,""inTarget"":false}",0.29097222222222224,0.11586901763224182,352.0,0.011713368254595626,-0.4093392633243517,20170106193745,"Fri, 06 Jan 2017 19:37:45 +0100","Mozilla/5.0 (Windows NT 6.3; WOW64) AppleWebKit/537.36 (KHTML, like Gecko) Chrome/55.0.2883.87 Safari/537.36",1440x900,1440x794,1423x794,3rcuchlvkd7u626o4k4dgqr8l1-native-top_left,3rcuchlvkd7u626o4k4dgqr8l1,1,4
0,1483727974358,197,34,mousemove,//*[@id='adblocker']/h1,{},"{""topRight"":454,""topLeft"":200,""bottomRight"":579,""bottomLeft"":410,""middle"":207,""inTarget"":false}",0.13680555555555557,0.042821158690176324,152.0,1.5095494732496733,1.4978361049950777,20170106193745,"Fri, 06 Jan 2017 19:37:45 +0100","Mozilla/5.0 (Windows NT 6.3; WOW64) AppleWebKit/537.36 (KHTML, like Gecko) Chrome/55.0.2883.87 Safari/537.36",1440x900,1440x794,1423x794,3rcuchlvkd7u626o4k4dgqr8l1-native-top_left,3rcuchlvkd7u626o4k4dgqr8l1,1,4
0,1483727975001,0,0,beforeunload,/,{},{},0.0,0.0,643.0,0.3109058800171017,-1.1986435932325716,20170106193745,"Fri, 06 Jan 2017 19:37:45 +0100","Mozilla/5.0 (Windows NT 6.3; WOW64) AppleWebKit/537.36 (KHTML, like Gecko) Chrome/55.0.2883.87 Safari/537.36",1440x900,1440x794,1423x794,3rcuchlvkd7u626o4k4dgqr8l1-native-top_left,3rcuchlvkd7u626o4k4dgqr8l1,1,4
0,1483727975510,157,1,mouseover,//*[@id='adblocker'],{},"{""topRight"":493,""topLeft"":157,""bottomRight"":630,""bottomLeft"":423,""middle"":258,""inTarget"":false}",0.10902777777777778,0.0012594458438287153,509.0,0.3084541938724476,-0.002451686144654075,20170106193745,"Fri, 06 Jan 2017 19:37:45 +0100","Mozilla/5.0 (Windows NT 6.3; WOW64) AppleWebKit/537.36 (KHTML, like Gecko) Chrome/55.0.2883.87 Safari/537.36",1440x900,1440x794,1423x794,3rcuchlvkd7u626o4k4dgqr8l1-native-top_left,3rcuchlvkd7u626o4k4dgqr8l1,1,4
0,1483727975662,397,67,mousemove,//*[@id='adblocker'],{},"{""topRight"":262,""topLeft"":403,""bottomRight"":413,""bottomLeft"":514,""middle"":149,""inTarget"":false}",0.27569444444444446,0.08438287153652393,152.0,1.6375633036335426,1.329109109761095,20170106193745,"Fri, 06 Jan 2017 19:37:45 +0100","Mozilla/5.0 (Windows NT 6.3; WOW64) AppleWebKit/537.36 (KHTML, like Gecko) Chrome/55.0.2883.87 Safari/537.36",1440x900,1440x794,1423x794,3rcuchlvkd7u626o4k4dgqr8l1-native-top_left,3rcuchlvkd7u626o4k4dgqr8l1,1,4
0,1483727975975,522,100,mousemove,//*[@id='adblocker']/p,{},"{""topRight"":162,""topLeft"":531,""bottomRight"":321,""bottomLeft"":599,""middle"":220,""inTarget"":false}",0.3625,0.12594458438287154,313.0,0.4130435658521973,-1.2245197377813453,20170106193745,"Fri, 06 Jan 2017 19:37:45 +0100","Mozilla/5.0 (Windows NT 6.3; WOW64) AppleWebKit/537.36 (KHTML, like Gecko) Chrome/55.0.2883.87 Safari/537.36",1440x900,1440x794,1423x794,3rcuchlvkd7u626o4k4dgqr8l1-native-top_left,3rcuchlvkd7u626o4k4dgqr8l1,1,4
0,1483727976126,554,106,mousemove,//*[@id='adblocker'],{},"{""topRight"":143,""topLeft"":564,""bottomRight"":304,""bottomLeft"":624,""middle"":246,""inTarget"":false}",0.38472222222222224,0.13350125944584382,151.0,0.21561351782913518,-0.19743004802306213,20170106193745,"Fri, 06 Jan 2017 19:37:45 +0100","Mozilla/5.0 (Windows NT 6.3; WOW64) AppleWebKit/537.36 (KHTML, like Gecko) Chrome/55.0.2883.87 Safari/537.36",1440x900,1440x794,1423x794,3rcuchlvkd7u626o4k4dgqr8l1-native-top_left,3rcuchlvkd7u626o4k4dgqr8l1,1,4
0,1483727976278,781,101,mousemove,//*[@id='adblocker'],{},"{""topRight"":165,""topLeft"":788,""bottomRight"":321,""bottomLeft"":834,""middle"":466,""inTarget"":false}",0.5423611111111111,0.12720403022670027,152.0,1.493783285538811,1.2781697677096757,20170106193745,"Fri, 06 Jan 2017 19:37:45 +0100","Mozilla/5.0 (Windows NT 6.3; WOW64) AppleWebKit/537.36 (KHTML, like Gecko) Chrome/55.0.2883.87 Safari/537.36",1440x900,1440x794,1423x794,3rcuchlvkd7u626o4k4dgqr8l1-native-top_left,3rcuchlvkd7u626o4k4dgqr8l1,1,4
0,1483727976312,0,0,unload,/,{},{},0.0,0.0,34.0,23.161872081917306,21.668088796378495,20170106193745,"Fri, 06 Jan 2017 19:37:45 +0100","Mozilla/5.0 (Windows NT 6.3; WOW64) AppleWebKit/537.36 (KHTML, like Gecko) Chrome/55.0.2883.87 Safari/537.36",1440x900,1440x794,1423x794,3rcuchlvkd7u626o4k4dgqr8l1-native-top_left,3rcuchlvkd7u626o4k4dgqr8l1,1,4
