cursor,timestamp,xpos,ypos,event,xpath,attrs,extras,xpos_scaled,ypos_scaled,timestamp_diff,speed,acceleration,log_id,date,ua,screen,window,document,task,user_id,ad_clicked,attention
0,1485868806291,0,0,load,/,{},{},0.0,0.0,1.0,0.0,0.0,20170131141826,"Tue, 31 Jan 2017 14:18:26 +0100","Mozilla/5.0 (Windows NT 5.1) AppleWebKit/537.36 (KHTML, like Gecko) Chrome/49.0.2623.112 Safari/537.36",1162x668,1162x577,1145x2031,v6sfe2vbru84kthppnf5fksjk1-dd-top_left,v6sfe2vbru84kthppnf5fksjk1,0,5
0,1485868806443,218,349,mousemove,//*[@id='rso']/div[1]/div[1]/div/h3/a,{},"{""topRight"":579,""topLeft"":259,""bottomRight"":527,""bottomLeft"":94,""middle"":256,""inTarget"":false}",0.18760757314974183,0.6048526863084922,152.0,2.707178885994722,2.707178885994722,20170131141826,"Tue, 31 Jan 2017 14:18:26 +0100","Mozilla/5.0 (Windows NT 5.1) AppleWebKit/537.36 (KHTML, like Gecko) Chrome/49.0.2623.112 Safari/537.36",1162x668,1162x577,1145x2031,v6sfe2vbru84kthppnf5fksjk1-dd-top_left,v6sfe2vbru84kthppnf5fksjk1,0,5
0,1485868806804,234,353,mousedown,//*[@id='rso']/div[1]/div[1]/div/h3/a,{},"{""topRight"":567,""topLeft"":269,""bottomRight"":511,""bottomLeft"":110,""middle"":245,""inTarget"":false}",0.20137693631669534,0.6117850953206239,361.0,0.045685380893270476,-2.6614935051014514,20170131141826,"Tue, 31 Jan 2017 14:18:26 +0100","Mozilla/5.0 (Windows NT 5.1) AppleWebKit/537.36 (KHTML, like Gecko) Chrome/49.0.2623.112 Safari/537.36",1162x668,1162x577,1145x2031,v6sfe2vbru84kthppnf5fksjk1-dd-top_left,v6sfe2vbru84kthppnf5fksjk1,0,5
0,1485868806947,234,353,mouseup,//*[@id='rso']/div[1]/div[1]/div/h3/a,{},"{""topRight"":567,""topLeft"":269,""bottomRight"":511,""bottomLeft"":110,""middle"":245,""inTarget"":false}",0.20137693631669534,0.6117850953206239,143.0,0.0,-0.045685380893270476,20170131141826,"Tue, 31 Jan 2017 14:18:26 +0100","Mozilla/5.0 (Windows NT 5.1) AppleWebKit/537.36 (KHTML, like Gecko) Chrome/49.0.2623.112 Safari/537.36",1162x668,1162x577,1145x2031,v6sfe2vbru84kthppnf5fksjk1-dd-top_left,v6sfe2vbru84kthppnf5fksjk1,0,5
0,1485868806948,234,353,click,//*[@id='rso']/div[1]/div[1]/div/h3/a,{},"{""topRight"":567,""topLeft"":269,""bottomRight"":511,""bottomLeft"":110,""middle"":245,""inTarget"":false}",0.20137693631669534,0.6117850953206239,1.0,0.0,0.0,20170131141826,"Tue, 31 Jan 2017 14:18:26 +0100","Mozilla/5.0 (Windows NT 5.1) AppleWebKit/537.36 (KHTML, like Gecko) Chrome/49.0.2623.112 Safari/537.36",1162x668,1162x577,1145x2031,v6sfe2vbru84kthppnf5fksjk1-dd-top_left,v6sfe2vbru84kthppnf5fksjk1,0,5
0,1485868806949,0,0,beforeunload,/,{},{},0.0,0.0,1.0,423.51505286117043,423.51505286117043,20170131141826,"Tue, 31 Jan 2017 14:18:26 +0100","Mozilla/5.0 (Windows NT 5.1) AppleWebKit/537.36 (KHTML, like Gecko) Chrome/49.0.2623.112 Safari/537.36",1162x668,1162x577,1145x2031,v6sfe2vbru84kthppnf5fksjk1-dd-top_left,v6sfe2vbru84kthppnf5fksjk1,0,5
0,1485868807315,239,349,mousemove,//*[@id='rso']/div[1]/div[1]/div/h3/a,{},"{""topRight"":560,""topLeft"":267,""bottomRight"":506,""bottomLeft"":114,""middle"":239,""inTarget"":false}",0.20567986230636834,0.6048526863084922,366.0,1.1557150975065422,-422.3593377636639,20170131141826,"Tue, 31 Jan 2017 14:18:26 +0100","Mozilla/5.0 (Windows NT 5.1) AppleWebKit/537.36 (KHTML, like Gecko) Chrome/49.0.2623.112 Safari/537.36",1162x668,1162x577,1145x2031,v6sfe2vbru84kthppnf5fksjk1-dd-top_left,v6sfe2vbru84kthppnf5fksjk1,0,5
0,1485868807478,336,74,mousemove,//*[@id='resultStats']/nobr,{},"{""topRight"":409,""topLeft"":210,""bottomRight"":477,""bottomLeft"":324,""middle"":172,""inTarget"":false}",0.2891566265060241,0.12824956672443674,163.0,1.788993241910598,0.6332781444040558,20170131141826,"Tue, 31 Jan 2017 14:18:26 +0100","Mozilla/5.0 (Windows NT 5.1) AppleWebKit/537.36 (KHTML, like Gecko) Chrome/49.0.2623.112 Safari/537.36",1162x668,1162x577,1145x2031,v6sfe2vbru84kthppnf5fksjk1-dd-top_left,v6sfe2vbru84kthppnf5fksjk1,0,5
0,1485868807616,0,0,unload,/,{},{},0.0,0.0,138.0,2.493132765234769,0.704139523324171,20170131141826,"Tue, 31 Jan 2017 14:18:26 +0100","Mozilla/5.0 (Windows NT 5.1) AppleWebKit/537.36 (KHTML, like Gecko) Chrome/49.0.2623.112 Safari/537.36",1162x668,1162x577,1145x2031,v6sfe2vbru84kthppnf5fksjk1-dd-top_left,v6sfe2vbru84kthppnf5fksjk1,0,5
