cursor,timestamp,xpos,ypos,event,xpath,attrs,extras,xpos_scaled,ypos_scaled,timestamp_diff,speed,acceleration,log_id,date,ua,screen,window,document,task,user_id,ad_clicked,attention
0,1489598497805,0,0,load,/,{},{},0.0,0.0,1.0,0.0,0.0,20170315182009,"Wed, 15 Mar 2017 18:20:09 +0100","Mozilla/5.0 (Windows NT 6.1; WOW64) AppleWebKit/537.36 (KHTML, like Gecko) Chrome/56.0.2924.87 Safari/537.36",1024x768,1024x638,1058x2064,03vuliv2fraiffthfn3j2eeqc7-native-top_left,03vuliv2fraiffthfn3j2eeqc7,0,2
0,1489598498270,291,218,mouseover,//*[@id='tads']/ol/li/ul/li[2],{},"{""topRight"":468,""topLeft"":201,""bottomRight"":458,""bottomLeft"":177,""middle"":147,""inTarget"":true}",0.2841796875,0.34169278996865204,465.0,0.7819356021623579,0.7819356021623579,20170315182009,"Wed, 15 Mar 2017 18:20:09 +0100","Mozilla/5.0 (Windows NT 6.1; WOW64) AppleWebKit/537.36 (KHTML, like Gecko) Chrome/56.0.2924.87 Safari/537.36",1024x768,1024x638,1058x2064,03vuliv2fraiffthfn3j2eeqc7-native-top_left,03vuliv2fraiffthfn3j2eeqc7,0,2
0,1489598502738,290,218,mousemove,//*[@id='tads']/ol/li/ul/li[2],{},"{""topRight"":469,""topLeft"":200,""bottomRight"":459,""bottomLeft"":176,""middle"":148,""inTarget"":true}",0.283203125,0.34169278996865204,4468.0,0.00022381378692927484,-0.7817117883754287,20170315182009,"Wed, 15 Mar 2017 18:20:09 +0100","Mozilla/5.0 (Windows NT 6.1; WOW64) AppleWebKit/537.36 (KHTML, like Gecko) Chrome/56.0.2924.87 Safari/537.36",1024x768,1024x638,1058x2064,03vuliv2fraiffthfn3j2eeqc7-native-top_left,03vuliv2fraiffthfn3j2eeqc7,0,2
0,1489598502890,274,216,mousemove,//*[@id='tads']/ol/li/ul/li[2],{},"{""topRight"":484,""topLeft"":186,""bottomRight"":475,""bottomLeft"":162,""middle"":164,""inTarget"":true}",0.267578125,0.3385579937304075,152.0,0.10608233879340197,0.10585852500647269,20170315182009,"Wed, 15 Mar 2017 18:20:09 +0100","Mozilla/5.0 (Windows NT 6.1; WOW64) AppleWebKit/537.36 (KHTML, like Gecko) Chrome/56.0.2924.87 Safari/537.36",1024x768,1024x638,1058x2064,03vuliv2fraiffthfn3j2eeqc7-native-top_left,03vuliv2fraiffthfn3j2eeqc7,0,2
0,1489598503043,235,177,mouseover,//*[@id='tads']/ol/li/div[3],{},"{""topRight"":515,""topLeft"":132,""bottomRight"":521,""bottomLeft"":153,""middle"":202,""inTarget"":true}",0.2294921875,0.2774294670846395,153.0,0.3604858100166713,0.25440347122326934,20170315182009,"Wed, 15 Mar 2017 18:20:09 +0100","Mozilla/5.0 (Windows NT 6.1; WOW64) AppleWebKit/537.36 (KHTML, like Gecko) Chrome/56.0.2924.87 Safari/537.36",1024x768,1024x638,1058x2064,03vuliv2fraiffthfn3j2eeqc7-native-top_left,03vuliv2fraiffthfn3j2eeqc7,0,2
0,1489598503195,220,100,mousemove,//*[@id='tads'],{},"{""topRight"":524,""topLeft"":92,""bottomRight"":556,""bottomLeft"":208,""middle"":235,""inTarget"":false}",0.21484375,0.15673981191222572,152.0,0.5161015436172418,0.15561573360057052,20170315182009,"Wed, 15 Mar 2017 18:20:09 +0100","Mozilla/5.0 (Windows NT 6.1; WOW64) AppleWebKit/537.36 (KHTML, like Gecko) Chrome/56.0.2924.87 Safari/537.36",1024x768,1024x638,1058x2064,03vuliv2fraiffthfn3j2eeqc7-native-top_left,03vuliv2fraiffthfn3j2eeqc7,0,2
0,1489598503351,218,207,mouseover,//*[@id='tads']/ol/li/ul/li[1],{},"{""topRight"":537,""topLeft"":140,""bottomRight"":532,""bottomLeft"":120,""middle"":218,""inTarget"":true}",0.212890625,0.32445141065830724,156.0,0.6860172433107334,0.16991569969349163,20170315182009,"Wed, 15 Mar 2017 18:20:09 +0100","Mozilla/5.0 (Windows NT 6.1; WOW64) AppleWebKit/537.36 (KHTML, like Gecko) Chrome/56.0.2924.87 Safari/537.36",1024x768,1024x638,1058x2064,03vuliv2fraiffthfn3j2eeqc7-native-top_left,03vuliv2fraiffthfn3j2eeqc7,0,2
0,1489598503505,218,293,mousemove,//*[@id='rso']/div[1]/div[1]/div/h3/a,{},"{""topRight"":560,""topLeft"":213,""bottomRight"":526,""bottomLeft"":90,""middle"":240,""inTarget"":false}",0.212890625,0.4592476489028213,154.0,0.5584415584415584,-0.12757568486917503,20170315182009,"Wed, 15 Mar 2017 18:20:09 +0100","Mozilla/5.0 (Windows NT 6.1; WOW64) AppleWebKit/537.36 (KHTML, like Gecko) Chrome/56.0.2924.87 Safari/537.36",1024x768,1024x638,1058x2064,03vuliv2fraiffthfn3j2eeqc7-native-top_left,03vuliv2fraiffthfn3j2eeqc7,0,2
0,1489598503744,218,296,mousemove,//*[@id='rso']/div[1]/div[1]/div/h3/a,{},"{""topRight"":561,""topLeft"":216,""bottomRight"":526,""bottomLeft"":91,""middle"":241,""inTarget"":false}",0.212890625,0.46394984326018807,239.0,0.012552301255230125,-0.5458892571863283,20170315182009,"Wed, 15 Mar 2017 18:20:09 +0100","Mozilla/5.0 (Windows NT 6.1; WOW64) AppleWebKit/537.36 (KHTML, like Gecko) Chrome/56.0.2924.87 Safari/537.36",1024x768,1024x638,1058x2064,03vuliv2fraiffthfn3j2eeqc7-native-top_left,03vuliv2fraiffthfn3j2eeqc7,0,2
0,1489598503900,218,301,mousemove,//*[@id='rso']/div[1]/div[1]/div/h3/a,{},"{""topRight"":563,""topLeft"":220,""bottomRight"":526,""bottomLeft"":91,""middle"":243,""inTarget"":false}",0.212890625,0.4717868338557994,156.0,0.03205128205128205,0.019498980796051925,20170315182009,"Wed, 15 Mar 2017 18:20:09 +0100","Mozilla/5.0 (Windows NT 6.1; WOW64) AppleWebKit/537.36 (KHTML, like Gecko) Chrome/56.0.2924.87 Safari/537.36",1024x768,1024x638,1058x2064,03vuliv2fraiffthfn3j2eeqc7-native-top_left,03vuliv2fraiffthfn3j2eeqc7,0,2
0,1489598504053,218,313,mouseover,//*[@id='rso']/div[1]/div[1]/div/div/div/div[1]/cite,{},"{""topRight"":567,""topLeft"":231,""bottomRight"":527,""bottomLeft"":94,""middle"":249,""inTarget"":false}",0.212890625,0.49059561128526646,153.0,0.0784313725490196,0.04638009049773756,20170315182009,"Wed, 15 Mar 2017 18:20:09 +0100","Mozilla/5.0 (Windows NT 6.1; WOW64) AppleWebKit/537.36 (KHTML, like Gecko) Chrome/56.0.2924.87 Safari/537.36",1024x768,1024x638,1058x2064,03vuliv2fraiffthfn3j2eeqc7-native-top_left,03vuliv2fraiffthfn3j2eeqc7,0,2
0,1489598504207,223,367,mouseover,//*[@id='rso']/div[1]/div[1]/div/div/div/div[2]/a[2],{},"{""topRight"":585,""topLeft"":283,""bottomRight"":527,""bottomLeft"":125,""middle"":275,""inTarget"":false}",0.2177734375,0.5752351097178683,154.0,0.3521492691676948,0.2737178966186752,20170315182009,"Wed, 15 Mar 2017 18:20:09 +0100","Mozilla/5.0 (Windows NT 6.1; WOW64) AppleWebKit/537.36 (KHTML, like Gecko) Chrome/56.0.2924.87 Safari/537.36",1024x768,1024x638,1058x2064,03vuliv2fraiffthfn3j2eeqc7-native-top_left,03vuliv2fraiffthfn3j2eeqc7,0,2
0,1489598504376,221,258,mouseover,//*[@id='vads-0-0-1-1-3'],{},"{""topRight"":546,""topLeft"":183,""bottomRight"":524,""bottomLeft"":97,""middle"":225,""inTarget"":true}",0.2158203125,0.4043887147335423,169.0,0.6450789768032318,0.292929707635537,20170315182009,"Wed, 15 Mar 2017 18:20:09 +0100","Mozilla/5.0 (Windows NT 6.1; WOW64) AppleWebKit/537.36 (KHTML, like Gecko) Chrome/56.0.2924.87 Safari/537.36",1024x768,1024x638,1058x2064,03vuliv2fraiffthfn3j2eeqc7-native-top_left,03vuliv2fraiffthfn3j2eeqc7,0,2
0,1489598504581,230,26,mouseover,//*[@id='lst-ib'],{},"{""topRight"":519,""topLeft"":126,""bottomRight"":576,""bottomLeft"":279,""middle"":265,""inTarget"":false}",0.224609375,0.04075235109717868,205.0,1.1325585528656983,0.4874795760624665,20170315182009,"Wed, 15 Mar 2017 18:20:09 +0100","Mozilla/5.0 (Windows NT 6.1; WOW64) AppleWebKit/537.36 (KHTML, like Gecko) Chrome/56.0.2924.87 Safari/537.36",1024x768,1024x638,1058x2064,03vuliv2fraiffthfn3j2eeqc7-native-top_left,03vuliv2fraiffthfn3j2eeqc7,0,2
0,1489598504994,0,0,blur,/,{},{},0.0,0.0,413.0,0.5604477001134841,-0.5721108527522142,20170315182009,"Wed, 15 Mar 2017 18:20:09 +0100","Mozilla/5.0 (Windows NT 6.1; WOW64) AppleWebKit/537.36 (KHTML, like Gecko) Chrome/56.0.2924.87 Safari/537.36",1024x768,1024x638,1058x2064,03vuliv2fraiffthfn3j2eeqc7-native-top_left,03vuliv2fraiffthfn3j2eeqc7,0,2
0,1489598512277,0,0,focus,/,{},{},0.0,0.0,7283.0,0.0,-0.5604477001134841,20170315182009,"Wed, 15 Mar 2017 18:20:09 +0100","Mozilla/5.0 (Windows NT 6.1; WOW64) AppleWebKit/537.36 (KHTML, like Gecko) Chrome/56.0.2924.87 Safari/537.36",1024x768,1024x638,1058x2064,03vuliv2fraiffthfn3j2eeqc7-native-top_left,03vuliv2fraiffthfn3j2eeqc7,0,2
0,1489598512576,366,3,mouseover,//*[@id='searchform']/div/div,{},"{""topRight"":390,""topLeft"":257,""bottomRight"":472,""bottomLeft"":370,""middle"":202,""inTarget"":false}",0.357421875,0.004702194357366771,299.0,1.2241213875433414,1.2241213875433414,20170315182009,"Wed, 15 Mar 2017 18:20:09 +0100","Mozilla/5.0 (Windows NT 6.1; WOW64) AppleWebKit/537.36 (KHTML, like Gecko) Chrome/56.0.2924.87 Safari/537.36",1024x768,1024x638,1058x2064,03vuliv2fraiffthfn3j2eeqc7-native-top_left,03vuliv2fraiffthfn3j2eeqc7,0,2
0,1489598512726,427,341,mousemove,//*[@id='rso']/div[1]/div[1]/div/div/div/span,{},"{""topRight"":398,""topLeft"":384,""bottomRight"":322,""bottomLeft"":304,""middle"":148,""inTarget"":false}",0.4169921875,0.5344827586206896,150.0,2.2897355499901924,1.065614162446851,20170315182009,"Wed, 15 Mar 2017 18:20:09 +0100","Mozilla/5.0 (Windows NT 6.1; WOW64) AppleWebKit/537.36 (KHTML, like Gecko) Chrome/56.0.2924.87 Safari/537.36",1024x768,1024x638,1058x2064,03vuliv2fraiffthfn3j2eeqc7-native-top_left,03vuliv2fraiffthfn3j2eeqc7,0,2
0,1489598513060,435,350,mousemove,//*[@id='rso']/div[1]/div[1]/div/div/div,{},"{""topRight"":397,""topLeft"":396,""bottomRight"":316,""bottomLeft"":314,""middle"":157,""inTarget"":false}",0.4248046875,0.54858934169279,334.0,0.036052678379617654,-2.253682871610575,20170315182009,"Wed, 15 Mar 2017 18:20:09 +0100","Mozilla/5.0 (Windows NT 6.1; WOW64) AppleWebKit/537.36 (KHTML, like Gecko) Chrome/56.0.2924.87 Safari/537.36",1024x768,1024x638,1058x2064,03vuliv2fraiffthfn3j2eeqc7-native-top_left,03vuliv2fraiffthfn3j2eeqc7,0,2
0,1489598513211,950,267,mousemove,//*[@id='rcnt'],{},"{""topRight"":265,""topLeft"":839,""bottomRight"":207,""bottomLeft"":822,""middle"":519,""inTarget"":false}",0.927734375,0.41849529780564265,151.0,3.4546057846219655,3.418553106242348,20170315182009,"Wed, 15 Mar 2017 18:20:09 +0100","Mozilla/5.0 (Windows NT 6.1; WOW64) AppleWebKit/537.36 (KHTML, like Gecko) Chrome/56.0.2924.87 Safari/537.36",1024x768,1024x638,1058x2064,03vuliv2fraiffthfn3j2eeqc7-native-top_left,03vuliv2fraiffthfn3j2eeqc7,0,2
0,1489598513514,997,201,mouseover,//*[@id='rcnt'],{},"{""topRight"":272,""topLeft"":875,""bottomRight"":267,""bottomLeft"":873,""middle"":561,""inTarget"":false}",0.9736328125,0.31504702194357365,303.0,0.26740820988719005,-3.1871975747347756,20170315182009,"Wed, 15 Mar 2017 18:20:09 +0100","Mozilla/5.0 (Windows NT 6.1; WOW64) AppleWebKit/537.36 (KHTML, like Gecko) Chrome/56.0.2924.87 Safari/537.36",1024x768,1024x638,1058x2064,03vuliv2fraiffthfn3j2eeqc7-native-top_left,03vuliv2fraiffthfn3j2eeqc7,0,2
0,1489598513676,251,427,mousemove,//*[@id='rso']/div[1]/div[2]/div/h3,{},"{""topRight"":592,""topLeft"":349,""bottomRight"":513,""bottomLeft"":187,""middle"":298,""inTarget"":false}",0.2451171875,0.6692789968652038,162.0,4.811616538266998,4.544208328379808,20170315182009,"Wed, 15 Mar 2017 18:20:09 +0100","Mozilla/5.0 (Windows NT 6.1; WOW64) AppleWebKit/537.36 (KHTML, like Gecko) Chrome/56.0.2924.87 Safari/537.36",1024x768,1024x638,1058x2064,03vuliv2fraiffthfn3j2eeqc7-native-top_left,03vuliv2fraiffthfn3j2eeqc7,0,2
0,1489598513848,227,437,mousemove,//*[@id='rso']/div[1]/div[2]/div/div/div/div/cite,{},"{""topRight"":617,""topLeft"":351,""bottomRight"":539,""bottomLeft"":181,""middle"":321,""inTarget"":false}",0.2216796875,0.6849529780564263,172.0,0.1511627906976744,-4.660453747569323,20170315182009,"Wed, 15 Mar 2017 18:20:09 +0100","Mozilla/5.0 (Windows NT 6.1; WOW64) AppleWebKit/537.36 (KHTML, like Gecko) Chrome/56.0.2924.87 Safari/537.36",1024x768,1024x638,1058x2064,03vuliv2fraiffthfn3j2eeqc7-native-top_left,03vuliv2fraiffthfn3j2eeqc7,0,2
0,1489598514017,224,426,mouseover,//*[@id='rso']/div[1]/div[2]/div/h3/a,{},"{""topRight"":614,""topLeft"":340,""bottomRight"":539,""bottomLeft"":170,""middle"":315,""inTarget"":false}",0.21875,0.6677115987460815,169.0,0.0674660014851561,-0.08369678921251832,20170315182009,"Wed, 15 Mar 2017 18:20:09 +0100","Mozilla/5.0 (Windows NT 6.1; WOW64) AppleWebKit/537.36 (KHTML, like Gecko) Chrome/56.0.2924.87 Safari/537.36",1024x768,1024x638,1058x2064,03vuliv2fraiffthfn3j2eeqc7-native-top_left,03vuliv2fraiffthfn3j2eeqc7,0,2
0,1489598514179,224,419,mousemove,//*[@id='rso']/div[1]/div[2]/div/h3/a,{},"{""topRight"":610,""topLeft"":333,""bottomRight"":537,""bottomLeft"":164,""middle"":310,""inTarget"":false}",0.21875,0.6567398119122257,162.0,0.043209876543209874,-0.02425612494194622,20170315182009,"Wed, 15 Mar 2017 18:20:09 +0100","Mozilla/5.0 (Windows NT 6.1; WOW64) AppleWebKit/537.36 (KHTML, like Gecko) Chrome/56.0.2924.87 Safari/537.36",1024x768,1024x638,1058x2064,03vuliv2fraiffthfn3j2eeqc7-native-top_left,03vuliv2fraiffthfn3j2eeqc7,0,2
0,1489598514405,224,416,mousedown,//*[@id='rso']/div[1]/div[2]/div/h3/a,{},"{""topRight"":608,""topLeft"":330,""bottomRight"":536,""bottomLeft"":162,""middle"":308,""inTarget"":false}",0.21875,0.6520376175548589,226.0,0.01327433628318584,-0.029935540260024034,20170315182009,"Wed, 15 Mar 2017 18:20:09 +0100","Mozilla/5.0 (Windows NT 6.1; WOW64) AppleWebKit/537.36 (KHTML, like Gecko) Chrome/56.0.2924.87 Safari/537.36",1024x768,1024x638,1058x2064,03vuliv2fraiffthfn3j2eeqc7-native-top_left,03vuliv2fraiffthfn3j2eeqc7,0,2
0,1489598514486,224,416,mouseup,//*[@id='rso']/div[1]/div[2]/div/h3/a,{},"{""topRight"":608,""topLeft"":330,""bottomRight"":536,""bottomLeft"":162,""middle"":308,""inTarget"":false}",0.21875,0.6520376175548589,81.0,0.0,-0.01327433628318584,20170315182009,"Wed, 15 Mar 2017 18:20:09 +0100","Mozilla/5.0 (Windows NT 6.1; WOW64) AppleWebKit/537.36 (KHTML, like Gecko) Chrome/56.0.2924.87 Safari/537.36",1024x768,1024x638,1058x2064,03vuliv2fraiffthfn3j2eeqc7-native-top_left,03vuliv2fraiffthfn3j2eeqc7,0,2
0,1489598514487,224,416,click,//*[@id='rso']/div[1]/div[2]/div/h3/a,{},"{""topRight"":608,""topLeft"":330,""bottomRight"":536,""bottomLeft"":162,""middle"":308,""inTarget"":false}",0.21875,0.6520376175548589,1.0,0.0,0.0,20170315182009,"Wed, 15 Mar 2017 18:20:09 +0100","Mozilla/5.0 (Windows NT 6.1; WOW64) AppleWebKit/537.36 (KHTML, like Gecko) Chrome/56.0.2924.87 Safari/537.36",1024x768,1024x638,1058x2064,03vuliv2fraiffthfn3j2eeqc7-native-top_left,03vuliv2fraiffthfn3j2eeqc7,0,2
0,1489598514494,0,0,beforeunload,/,{},{},0.0,0.0,7.0,67.4963339896384,67.4963339896384,20170315182009,"Wed, 15 Mar 2017 18:20:09 +0100","Mozilla/5.0 (Windows NT 6.1; WOW64) AppleWebKit/537.36 (KHTML, like Gecko) Chrome/56.0.2924.87 Safari/537.36",1024x768,1024x638,1058x2064,03vuliv2fraiffthfn3j2eeqc7-native-top_left,03vuliv2fraiffthfn3j2eeqc7,0,2
0,1489598514841,0,0,unload,/,{},{},0.0,0.0,347.0,0.0,-67.4963339896384,20170315182009,"Wed, 15 Mar 2017 18:20:09 +0100","Mozilla/5.0 (Windows NT 6.1; WOW64) AppleWebKit/537.36 (KHTML, like Gecko) Chrome/56.0.2924.87 Safari/537.36",1024x768,1024x638,1058x2064,03vuliv2fraiffthfn3j2eeqc7-native-top_left,03vuliv2fraiffthfn3j2eeqc7,0,2
