cursor,timestamp,xpos,ypos,event,xpath,attrs,extras,xpos_scaled,ypos_scaled,timestamp_diff,speed,acceleration,log_id,date,ua,screen,window,document,task,user_id,ad_clicked,attention
0,1493138464581,0,0,load,/,{},{},0.0,0.0,1.0,0.0,0.0,20170425183936,"Tue, 25 Apr 2017 18:39:36 +0200","Mozilla/5.0 (Windows NT 6.1) AppleWebKit/537.36 (KHTML, like Gecko) Chrome/57.0.2987.133 Safari/537.36",1280x1024,1280x918,1263x1539,ohu48krvlietdp92324b7k8mp0-dd-top_right,ohu48krvlietdp92324b7k8mp0,0,4
0,1493138465060,275,429,mousemove,//*[@id='rso'],{},"{""topRight"":1021,""topLeft"":608,""bottomRight"":971,""bottomLeft"":520,""middle"":767,""inTarget"":false}",0.21484375,0.4673202614379085,479.0,1.063829503473112,1.063829503473112,20170425183936,"Tue, 25 Apr 2017 18:39:36 +0200","Mozilla/5.0 (Windows NT 6.1) AppleWebKit/537.36 (KHTML, like Gecko) Chrome/57.0.2987.133 Safari/537.36",1280x1024,1280x918,1263x1539,ohu48krvlietdp92324b7k8mp0-dd-top_right,ohu48krvlietdp92324b7k8mp0,0,4
0,1493138472769,273,429,mousemove,//*[@id='rso'],{},"{""topRight"":1023,""topLeft"":610,""bottomRight"":973,""bottomLeft"":522,""middle"":769,""inTarget"":false}",0.21328125,0.4673202614379085,7709.0,0.0002594370216629913,-1.063570066451449,20170425183936,"Tue, 25 Apr 2017 18:39:36 +0200","Mozilla/5.0 (Windows NT 6.1) AppleWebKit/537.36 (KHTML, like Gecko) Chrome/57.0.2987.133 Safari/537.36",1280x1024,1280x918,1263x1539,ohu48krvlietdp92324b7k8mp0-dd-top_right,ohu48krvlietdp92324b7k8mp0,0,4
0,1493138472920,219,425,mousemove,//*[@id='rso']/div[1]/div/table/tbody/tr[4]/td/div/a,{},"{""topRight"":1073,""topLeft"":654,""bottomRight"":1027,""bottomLeft"":575,""middle"":821,""inTarget"":false}",0.17109375,0.46296296296296297,151.0,0.35859566544850024,0.35833622842683727,20170425183936,"Tue, 25 Apr 2017 18:39:36 +0200","Mozilla/5.0 (Windows NT 6.1) AppleWebKit/537.36 (KHTML, like Gecko) Chrome/57.0.2987.133 Safari/537.36",1280x1024,1280x918,1263x1539,ohu48krvlietdp92324b7k8mp0-dd-top_right,ohu48krvlietdp92324b7k8mp0,0,4
0,1493138473070,123,417,mousemove,//*[@id='center_col'],{},"{""topRight"":1163,""topLeft"":736,""bottomRight"":1122,""bottomLeft"":669,""middle"":913,""inTarget"":false}",0.09609375,0.4542483660130719,150.0,0.6422183775355891,0.28362271208708884,20170425183936,"Tue, 25 Apr 2017 18:39:36 +0200","Mozilla/5.0 (Windows NT 6.1) AppleWebKit/537.36 (KHTML, like Gecko) Chrome/57.0.2987.133 Safari/537.36",1280x1024,1280x918,1263x1539,ohu48krvlietdp92324b7k8mp0-dd-top_right,ohu48krvlietdp92324b7k8mp0,0,4
0,1493138473433,115,416,mousemove,//*[@id='rhscol'],{},"{""topRight"":1171,""topLeft"":743,""bottomRight"":1130,""bottomLeft"":677,""middle"":920,""inTarget"":false}",0.08984375,0.4531590413943355,363.0,0.0222100764415938,-0.6200083010939953,20170425183936,"Tue, 25 Apr 2017 18:39:36 +0200","Mozilla/5.0 (Windows NT 6.1) AppleWebKit/537.36 (KHTML, like Gecko) Chrome/57.0.2987.133 Safari/537.36",1280x1024,1280x918,1263x1539,ohu48krvlietdp92324b7k8mp0-dd-top_right,ohu48krvlietdp92324b7k8mp0,0,4
0,1493138473590,59,399,mousemove,//*[@id='rhscol'],{},"{""topRight"":1221,""topLeft"":788,""bottomRight"":1186,""bottomLeft"":732,""middle"":972,""inTarget"":false}",0.04609375,0.434640522875817,157.0,0.3727611436534913,0.3505510672118975,20170425183936,"Tue, 25 Apr 2017 18:39:36 +0200","Mozilla/5.0 (Windows NT 6.1) AppleWebKit/537.36 (KHTML, like Gecko) Chrome/57.0.2987.133 Safari/537.36",1280x1024,1280x918,1263x1539,ohu48krvlietdp92324b7k8mp0-dd-top_right,ohu48krvlietdp92324b7k8mp0,0,4
0,1493138475291,0,0,scroll,/,{},{},0.0,0.0,1701.0,0.23711849938809573,-0.13564264426539555,20170425183936,"Tue, 25 Apr 2017 18:39:36 +0200","Mozilla/5.0 (Windows NT 6.1) AppleWebKit/537.36 (KHTML, like Gecko) Chrome/57.0.2987.133 Safari/537.36",1280x1024,1280x918,1263x1539,ohu48krvlietdp92324b7k8mp0-dd-top_right,ohu48krvlietdp92324b7k8mp0,0,4
0,1493138475456,0,0,scroll,/,{},{},0.0,0.0,165.0,0.0,-0.23711849938809573,20170425183936,"Tue, 25 Apr 2017 18:39:36 +0200","Mozilla/5.0 (Windows NT 6.1) AppleWebKit/537.36 (KHTML, like Gecko) Chrome/57.0.2987.133 Safari/537.36",1280x1024,1280x918,1263x1539,ohu48krvlietdp92324b7k8mp0-dd-top_right,ohu48krvlietdp92324b7k8mp0,0,4
0,1493138475633,59,497,mousemove,//*[@id='rhscol'],{},"{""topRight"":1248,""topLeft"":829,""bottomRight"":1193,""bottomLeft"":744,""middle"":994,""inTarget"":false}",0.04609375,0.5413943355119826,177.0,2.8276257634746336,2.8276257634746336,20170425183936,"Tue, 25 Apr 2017 18:39:36 +0200","Mozilla/5.0 (Windows NT 6.1) AppleWebKit/537.36 (KHTML, like Gecko) Chrome/57.0.2987.133 Safari/537.36",1280x1024,1280x918,1263x1539,ohu48krvlietdp92324b7k8mp0-dd-top_right,ohu48krvlietdp92324b7k8mp0,0,4
0,1493138475790,0,0,scroll,/,{},{},0.0,0.0,157.0,3.1878328671019753,0.36020710362734176,20170425183936,"Tue, 25 Apr 2017 18:39:36 +0200","Mozilla/5.0 (Windows NT 6.1) AppleWebKit/537.36 (KHTML, like Gecko) Chrome/57.0.2987.133 Safari/537.36",1280x1024,1280x918,1263x1539,ohu48krvlietdp92324b7k8mp0-dd-top_right,ohu48krvlietdp92324b7k8mp0,0,4
0,1493138476027,59,699,mousemove,//*[@id='rhscol'],{},"{""topRight"":1325,""topLeft"":941,""bottomRight"":1233,""bottomLeft"":806,""middle"":1065,""inTarget"":false}",0.04609375,0.761437908496732,237.0,2.9598547109469275,-0.2279781561550478,20170425183936,"Tue, 25 Apr 2017 18:39:36 +0200","Mozilla/5.0 (Windows NT 6.1) AppleWebKit/537.36 (KHTML, like Gecko) Chrome/57.0.2987.133 Safari/537.36",1280x1024,1280x918,1263x1539,ohu48krvlietdp92324b7k8mp0-dd-top_right,ohu48krvlietdp92324b7k8mp0,0,4
0,1493138476624,0,0,scroll,/,{},{},0.0,0.0,597.0,1.1750176993206396,-1.784837011626288,20170425183936,"Tue, 25 Apr 2017 18:39:36 +0200","Mozilla/5.0 (Windows NT 6.1) AppleWebKit/537.36 (KHTML, like Gecko) Chrome/57.0.2987.133 Safari/537.36",1280x1024,1280x918,1263x1539,ohu48krvlietdp92324b7k8mp0-dd-top_right,ohu48krvlietdp92324b7k8mp0,0,4
0,1493138476788,0,0,scroll,/,{},{},0.0,0.0,164.0,0.0,-1.1750176993206396,20170425183936,"Tue, 25 Apr 2017 18:39:36 +0200","Mozilla/5.0 (Windows NT 6.1) AppleWebKit/537.36 (KHTML, like Gecko) Chrome/57.0.2987.133 Safari/537.36",1280x1024,1280x918,1263x1539,ohu48krvlietdp92324b7k8mp0-dd-top_right,ohu48krvlietdp92324b7k8mp0,0,4
0,1493138476943,59,899,mouseover,//*[@id='rcnt'],{},"{""topRight"":1426,""topLeft"":1079,""bottomRight"":1302,""bottomLeft"":908,""middle"":1167,""inTarget"":false}",0.04609375,0.9793028322440087,155.0,5.81247716028319,5.81247716028319,20170425183936,"Tue, 25 Apr 2017 18:39:36 +0200","Mozilla/5.0 (Windows NT 6.1) AppleWebKit/537.36 (KHTML, like Gecko) Chrome/57.0.2987.133 Safari/537.36",1280x1024,1280x918,1263x1539,ohu48krvlietdp92324b7k8mp0-dd-top_right,ohu48krvlietdp92324b7k8mp0,0,4
0,1493138477239,0,0,scroll,/,{},{},0.0,0.0,296.0,3.043695810283427,-2.7687813499997627,20170425183936,"Tue, 25 Apr 2017 18:39:36 +0200","Mozilla/5.0 (Windows NT 6.1) AppleWebKit/537.36 (KHTML, like Gecko) Chrome/57.0.2987.133 Safari/537.36",1280x1024,1280x918,1263x1539,ohu48krvlietdp92324b7k8mp0-dd-top_right,ohu48krvlietdp92324b7k8mp0,0,4
0,1493138477389,0,0,scroll,/,{},{},0.0,0.0,150.0,0.0,-3.043695810283427,20170425183936,"Tue, 25 Apr 2017 18:39:36 +0200","Mozilla/5.0 (Windows NT 6.1) AppleWebKit/537.36 (KHTML, like Gecko) Chrome/57.0.2987.133 Safari/537.36",1280x1024,1280x918,1263x1539,ohu48krvlietdp92324b7k8mp0-dd-top_right,ohu48krvlietdp92324b7k8mp0,0,4
0,1493138477577,59,1020,mousemove,//*[@id='rcnt'],{},"{""topRight"":1497,""topLeft"":1170,""bottomRight"":1356,""bottomLeft"":985,""middle"":1240,""inTarget"":false}",0.04609375,1.1111111111111112,188.0,5.434600785235707,5.434600785235707,20170425183936,"Tue, 25 Apr 2017 18:39:36 +0200","Mozilla/5.0 (Windows NT 6.1) AppleWebKit/537.36 (KHTML, like Gecko) Chrome/57.0.2987.133 Safari/537.36",1280x1024,1280x918,1263x1539,ohu48krvlietdp92324b7k8mp0-dd-top_right,ohu48krvlietdp92324b7k8mp0,0,4
0,1493138478240,0,0,scroll,/,{},{},0.0,0.0,663.0,1.541033103505751,-3.893567681729956,20170425183936,"Tue, 25 Apr 2017 18:39:36 +0200","Mozilla/5.0 (Windows NT 6.1) AppleWebKit/537.36 (KHTML, like Gecko) Chrome/57.0.2987.133 Safari/537.36",1280x1024,1280x918,1263x1539,ohu48krvlietdp92324b7k8mp0-dd-top_right,ohu48krvlietdp92324b7k8mp0,0,4
0,1493138478406,0,0,scroll,/,{},{},0.0,0.0,166.0,0.0,-1.541033103505751,20170425183936,"Tue, 25 Apr 2017 18:39:36 +0200","Mozilla/5.0 (Windows NT 6.1) AppleWebKit/537.36 (KHTML, like Gecko) Chrome/57.0.2987.133 Safari/537.36",1280x1024,1280x918,1263x1539,ohu48krvlietdp92324b7k8mp0-dd-top_right,ohu48krvlietdp92324b7k8mp0,0,4
0,1493138478624,0,0,scroll,/,{},{},0.0,0.0,218.0,0.0,0.0,20170425183936,"Tue, 25 Apr 2017 18:39:36 +0200","Mozilla/5.0 (Windows NT 6.1) AppleWebKit/537.36 (KHTML, like Gecko) Chrome/57.0.2987.133 Safari/537.36",1280x1024,1280x918,1263x1539,ohu48krvlietdp92324b7k8mp0-dd-top_right,ohu48krvlietdp92324b7k8mp0,0,4
0,1493138478789,0,0,scroll,/,{},{},0.0,0.0,165.0,0.0,0.0,20170425183936,"Tue, 25 Apr 2017 18:39:36 +0200","Mozilla/5.0 (Windows NT 6.1) AppleWebKit/537.36 (KHTML, like Gecko) Chrome/57.0.2987.133 Safari/537.36",1280x1024,1280x918,1263x1539,ohu48krvlietdp92324b7k8mp0-dd-top_right,ohu48krvlietdp92324b7k8mp0,0,4
0,1493138478960,59,399,mousemove,//*[@id='rhscol'],{},"{""topRight"":1221,""topLeft"":788,""bottomRight"":1186,""bottomLeft"":732,""middle"":972,""inTarget"":false}",0.04609375,0.434640522875817,171.0,2.3587050728605314,2.3587050728605314,20170425183936,"Tue, 25 Apr 2017 18:39:36 +0200","Mozilla/5.0 (Windows NT 6.1) AppleWebKit/537.36 (KHTML, like Gecko) Chrome/57.0.2987.133 Safari/537.36",1280x1024,1280x918,1263x1539,ohu48krvlietdp92324b7k8mp0-dd-top_right,ohu48krvlietdp92324b7k8mp0,0,4
0,1493138479690,60,397,mousemove,//*[@id='rhscol'],{},"{""topRight"":1219,""topLeft"":786,""bottomRight"":1185,""bottomLeft"":731,""middle"":971,""inTarget"":false}",0.046875,0.4324618736383442,730.0,0.003063106818492863,-2.3556419660420387,20170425183936,"Tue, 25 Apr 2017 18:39:36 +0200","Mozilla/5.0 (Windows NT 6.1) AppleWebKit/537.36 (KHTML, like Gecko) Chrome/57.0.2987.133 Safari/537.36",1280x1024,1280x918,1263x1539,ohu48krvlietdp92324b7k8mp0-dd-top_right,ohu48krvlietdp92324b7k8mp0,0,4
0,1493138480009,183,303,mousemove,//*[@id='rso']/div[1]/div/table/tbody/tr[2]/td[1]/div/div/div,{},"{""topRight"":1079,""topLeft"":638,""bottomRight"":1063,""bottomLeft"":610,""middle"":837,""inTarget"":false}",0.14296875,0.3300653594771242,319.0,0.48528630288372143,0.48222319606522857,20170425183936,"Tue, 25 Apr 2017 18:39:36 +0200","Mozilla/5.0 (Windows NT 6.1) AppleWebKit/537.36 (KHTML, like Gecko) Chrome/57.0.2987.133 Safari/537.36",1280x1024,1280x918,1263x1539,ohu48krvlietdp92324b7k8mp0-dd-top_right,ohu48krvlietdp92324b7k8mp0,0,4
0,1493138480165,222,174,mouseover,//*[@id='rso']/div[1]/div/div/div/div,{},"{""topRight"":1024,""topLeft"":572,""bottomRight"":1039,""bottomLeft"":598,""middle"":797,""inTarget"":false}",0.1734375,0.1895424836601307,156.0,0.863887594046777,0.3786012911630555,20170425183936,"Tue, 25 Apr 2017 18:39:36 +0200","Mozilla/5.0 (Windows NT 6.1) AppleWebKit/537.36 (KHTML, like Gecko) Chrome/57.0.2987.133 Safari/537.36",1280x1024,1280x918,1263x1539,ohu48krvlietdp92324b7k8mp0-dd-top_right,ohu48krvlietdp92324b7k8mp0,0,4
0,1493138480318,233,149,mousemove,//*[@id='rso']/div[1]/div/div/div/div/div/cite/b,{},"{""topRight"":1012,""topLeft"":559,""bottomRight"":1033,""bottomLeft"":596,""middle"":788,""inTarget"":false}",0.18203125,0.16230936819172112,153.0,0.17851634357840082,-0.6853712504683761,20170425183936,"Tue, 25 Apr 2017 18:39:36 +0200","Mozilla/5.0 (Windows NT 6.1) AppleWebKit/537.36 (KHTML, like Gecko) Chrome/57.0.2987.133 Safari/537.36",1280x1024,1280x918,1263x1539,ohu48krvlietdp92324b7k8mp0-dd-top_right,ohu48krvlietdp92324b7k8mp0,0,4
0,1493138480804,238,137,mousedown,//*[@id='rso']/div[1]/div/div/h3/a,{},"{""topRight"":1006,""topLeft"":553,""bottomRight"":1030,""bottomLeft"":595,""middle"":785,""inTarget"":false}",0.1859375,0.14923747276688454,486.0,0.026748971193415638,-0.1517673723849852,20170425183936,"Tue, 25 Apr 2017 18:39:36 +0200","Mozilla/5.0 (Windows NT 6.1) AppleWebKit/537.36 (KHTML, like Gecko) Chrome/57.0.2987.133 Safari/537.36",1280x1024,1280x918,1263x1539,ohu48krvlietdp92324b7k8mp0-dd-top_right,ohu48krvlietdp92324b7k8mp0,0,4
0,1493138480913,238,137,mouseup,//*[@id='rso']/div[1]/div/div/h3/a,{},"{""topRight"":1006,""topLeft"":553,""bottomRight"":1030,""bottomLeft"":595,""middle"":785,""inTarget"":false}",0.1859375,0.14923747276688454,109.0,0.0,-0.026748971193415638,20170425183936,"Tue, 25 Apr 2017 18:39:36 +0200","Mozilla/5.0 (Windows NT 6.1) AppleWebKit/537.36 (KHTML, like Gecko) Chrome/57.0.2987.133 Safari/537.36",1280x1024,1280x918,1263x1539,ohu48krvlietdp92324b7k8mp0-dd-top_right,ohu48krvlietdp92324b7k8mp0,0,4
0,1493138480915,238,137,click,//*[@id='rso']/div[1]/div/div/h3/a,{},"{""topRight"":1006,""topLeft"":553,""bottomRight"":1030,""bottomLeft"":595,""middle"":785,""inTarget"":false}",0.1859375,0.14923747276688454,2.0,0.0,0.0,20170425183936,"Tue, 25 Apr 2017 18:39:36 +0200","Mozilla/5.0 (Windows NT 6.1) AppleWebKit/537.36 (KHTML, like Gecko) Chrome/57.0.2987.133 Safari/537.36",1280x1024,1280x918,1263x1539,ohu48krvlietdp92324b7k8mp0-dd-top_right,ohu48krvlietdp92324b7k8mp0,0,4
0,1493138480927,0,0,beforeunload,/,{},{},0.0,0.0,12.0,22.88452291154196,22.88452291154196,20170425183936,"Tue, 25 Apr 2017 18:39:36 +0200","Mozilla/5.0 (Windows NT 6.1) AppleWebKit/537.36 (KHTML, like Gecko) Chrome/57.0.2987.133 Safari/537.36",1280x1024,1280x918,1263x1539,ohu48krvlietdp92324b7k8mp0-dd-top_right,ohu48krvlietdp92324b7k8mp0,0,4
0,1493138481500,0,0,unload,/,{},{},0.0,0.0,573.0,0.0,-22.88452291154196,20170425183936,"Tue, 25 Apr 2017 18:39:36 +0200","Mozilla/5.0 (Windows NT 6.1) AppleWebKit/537.36 (KHTML, like Gecko) Chrome/57.0.2987.133 Safari/537.36",1280x1024,1280x918,1263x1539,ohu48krvlietdp92324b7k8mp0-dd-top_right,ohu48krvlietdp92324b7k8mp0,0,4
