cursor,timestamp,xpos,ypos,event,xpath,attrs,extras,xpos_scaled,ypos_scaled,timestamp_diff,speed,acceleration,log_id,date,ua,screen,window,document,task,user_id,ad_clicked,attention
0,1485868898903,0,0,load,/,{},{},0.0,0.0,1.0,0.0,0.0,20170131142012,"Tue, 31 Jan 2017 14:20:12 +0100","Mozilla/5.0 (Windows NT 10.0; WOW64) AppleWebKit/537.36 (KHTML, like Gecko) Chrome/55.0.2883.87 Safari/537.36",1920x1080,1920x960,1903x2026,6ai17ipehf5lboga4d3n6q0596-dd-top_left,6ai17ipehf5lboga4d3n6q0596,0,2
0,1485868899060,1169,286,mousemove,//*[@id='rcnt'],{},"{""topRight"":462,""topLeft"":1056,""bottomRight"":427,""bottomLeft"":1042,""middle"":737,""inTarget"":false}",0.6088541666666667,0.29791666666666666,157.0,7.665458891061127,7.665458891061127,20170131142012,"Tue, 31 Jan 2017 14:20:12 +0100","Mozilla/5.0 (Windows NT 10.0; WOW64) AppleWebKit/537.36 (KHTML, like Gecko) Chrome/55.0.2883.87 Safari/537.36",1920x1080,1920x960,1903x2026,6ai17ipehf5lboga4d3n6q0596-dd-top_left,6ai17ipehf5lboga4d3n6q0596,0,2
0,1485868899360,1114,286,mousemove,//*[@id='rcnt'],{},"{""topRight"":411,""topLeft"":1002,""bottomRight"":372,""bottomLeft"":987,""middle"":682,""inTarget"":false}",0.5802083333333333,0.29791666666666666,300.0,0.18333333333333332,-7.482125557727794,20170131142012,"Tue, 31 Jan 2017 14:20:12 +0100","Mozilla/5.0 (Windows NT 10.0; WOW64) AppleWebKit/537.36 (KHTML, like Gecko) Chrome/55.0.2883.87 Safari/537.36",1920x1080,1920x960,1903x2026,6ai17ipehf5lboga4d3n6q0596-dd-top_left,6ai17ipehf5lboga4d3n6q0596,0,2
0,1485868899780,1113,286,mousemove,//*[@id='rcnt'],{},"{""topRight"":411,""topLeft"":1001,""bottomRight"":371,""bottomLeft"":986,""middle"":681,""inTarget"":false}",0.5796875,0.29791666666666666,420.0,0.002380952380952381,-0.18095238095238095,20170131142012,"Tue, 31 Jan 2017 14:20:12 +0100","Mozilla/5.0 (Windows NT 10.0; WOW64) AppleWebKit/537.36 (KHTML, like Gecko) Chrome/55.0.2883.87 Safari/537.36",1920x1080,1920x960,1903x2026,6ai17ipehf5lboga4d3n6q0596-dd-top_left,6ai17ipehf5lboga4d3n6q0596,0,2
0,1485868901157,0,0,blur,/,{},{},0.0,0.0,1377.0,0.8345376816926277,0.8321567293116753,20170131142012,"Tue, 31 Jan 2017 14:20:12 +0100","Mozilla/5.0 (Windows NT 10.0; WOW64) AppleWebKit/537.36 (KHTML, like Gecko) Chrome/55.0.2883.87 Safari/537.36",1920x1080,1920x960,1903x2026,6ai17ipehf5lboga4d3n6q0596-dd-top_left,6ai17ipehf5lboga4d3n6q0596,0,2
0,1485868917634,0,0,focus,/,{},{},0.0,0.0,16477.0,0.0,-0.8345376816926277,20170131142012,"Tue, 31 Jan 2017 14:20:12 +0100","Mozilla/5.0 (Windows NT 10.0; WOW64) AppleWebKit/537.36 (KHTML, like Gecko) Chrome/55.0.2883.87 Safari/537.36",1920x1080,1920x960,1903x2026,6ai17ipehf5lboga4d3n6q0596-dd-top_left,6ai17ipehf5lboga4d3n6q0596,0,2
0,1485868918612,908,1,mouseover,//*[@id='searchform']/div/div,{},"{""topRight"":195,""topLeft"":787,""bottomRight"":360,""bottomLeft"":843,""middle"":518,""inTarget"":false}",0.47291666666666665,0.0010416666666666667,978.0,0.9284259209208855,0.9284259209208855,20170131142012,"Tue, 31 Jan 2017 14:20:12 +0100","Mozilla/5.0 (Windows NT 10.0; WOW64) AppleWebKit/537.36 (KHTML, like Gecko) Chrome/55.0.2883.87 Safari/537.36",1920x1080,1920x960,1903x2026,6ai17ipehf5lboga4d3n6q0596-dd-top_left,6ai17ipehf5lboga4d3n6q0596,0,2
0,1485868918764,936,167,mousemove,//*[@id='rcnt'],{},"{""topRight"":201,""topLeft"":810,""bottomRight"":247,""bottomLeft"":823,""middle"":502,""inTarget"":false}",0.4875,0.17395833333333333,152.0,1.1075321321852087,0.17910621126432325,20170131142012,"Tue, 31 Jan 2017 14:20:12 +0100","Mozilla/5.0 (Windows NT 10.0; WOW64) AppleWebKit/537.36 (KHTML, like Gecko) Chrome/55.0.2883.87 Safari/537.36",1920x1080,1920x960,1903x2026,6ai17ipehf5lboga4d3n6q0596-dd-top_left,6ai17ipehf5lboga4d3n6q0596,0,2
0,1485868928516,933,174,mousemove,//*[@id='rcnt'],{},"{""topRight"":201,""topLeft"":808,""bottomRight"":240,""bottomLeft"":818,""middle"":499,""inTarget"":false}",0.4859375,0.18125,9752.0,0.0007809447401419102,-1.1067511874450668,20170131142012,"Tue, 31 Jan 2017 14:20:12 +0100","Mozilla/5.0 (Windows NT 10.0; WOW64) AppleWebKit/537.36 (KHTML, like Gecko) Chrome/55.0.2883.87 Safari/537.36",1920x1080,1920x960,1903x2026,6ai17ipehf5lboga4d3n6q0596-dd-top_left,6ai17ipehf5lboga4d3n6q0596,0,2
0,1485868928666,620,251,mousemove,//*[@id='uid_WD2MTgAH_6MKFNGCCQoWSQ_0']/div/div/div/div[1]/div[5]/div[1]/div[2]/div[1]/a,{},"{""topRight"":191,""topLeft"":513,""bottomRight"":143,""bottomLeft"":497,""middle"":188,""inTarget"":true}",0.3229166666666667,0.26145833333333335,150.0,2.1488808456703428,2.148099900930201,20170131142012,"Tue, 31 Jan 2017 14:20:12 +0100","Mozilla/5.0 (Windows NT 10.0; WOW64) AppleWebKit/537.36 (KHTML, like Gecko) Chrome/55.0.2883.87 Safari/537.36",1920x1080,1920x960,1903x2026,6ai17ipehf5lboga4d3n6q0596-dd-top_left,6ai17ipehf5lboga4d3n6q0596,0,2
0,1485868928820,400,361,mousemove,//*[@id='rso']/div[1]/div[1]/div/h3/a,{},"{""topRight"":428,""topLeft"":373,""bottomRight"":346,""bottomLeft"":275,""middle"":151,""inTarget"":false}",0.20833333333333334,0.37604166666666666,154.0,1.5971914124998496,-0.5516894331704931,20170131142012,"Tue, 31 Jan 2017 14:20:12 +0100","Mozilla/5.0 (Windows NT 10.0; WOW64) AppleWebKit/537.36 (KHTML, like Gecko) Chrome/55.0.2883.87 Safari/537.36",1920x1080,1920x960,1903x2026,6ai17ipehf5lboga4d3n6q0596-dd-top_left,6ai17ipehf5lboga4d3n6q0596,0,2
0,1485868928972,340,416,mouseover,//*[@id='rso']/div[1]/div[1]/div/div/div/div[2],{},"{""topRight"":509,""topLeft"":376,""bottomRight"":415,""bottomLeft"":232,""middle"":224,""inTarget"":false}",0.17708333333333334,0.43333333333333335,152.0,0.535487519608543,-1.0617038928913067,20170131142012,"Tue, 31 Jan 2017 14:20:12 +0100","Mozilla/5.0 (Windows NT 10.0; WOW64) AppleWebKit/537.36 (KHTML, like Gecko) Chrome/55.0.2883.87 Safari/537.36",1920x1080,1920x960,1903x2026,6ai17ipehf5lboga4d3n6q0596-dd-top_left,6ai17ipehf5lboga4d3n6q0596,0,2
0,1485868929124,307,463,mousemove,//*[@id='rso']/div[1]/div[2]/div/h3/a,{},"{""topRight"":564,""topLeft"":399,""bottomRight"":459,""bottomLeft"":228,""middle"":280,""inTarget"":false}",0.15989583333333332,0.4822916666666667,152.0,0.3778172109305587,-0.15767030867798432,20170131142012,"Tue, 31 Jan 2017 14:20:12 +0100","Mozilla/5.0 (Windows NT 10.0; WOW64) AppleWebKit/537.36 (KHTML, like Gecko) Chrome/55.0.2883.87 Safari/537.36",1920x1080,1920x960,1903x2026,6ai17ipehf5lboga4d3n6q0596-dd-top_left,6ai17ipehf5lboga4d3n6q0596,0,2
0,1485868929884,303,469,mousemove,//*[@id='rso']/div[1]/div[2]/div/h3/a,{},"{""topRight"":571,""topLeft"":403,""bottomRight"":465,""bottomLeft"":229,""middle"":288,""inTarget"":false}",0.1578125,0.48854166666666665,760.0,0.009488292830168393,-0.3683289181003903,20170131142012,"Tue, 31 Jan 2017 14:20:12 +0100","Mozilla/5.0 (Windows NT 10.0; WOW64) AppleWebKit/537.36 (KHTML, like Gecko) Chrome/55.0.2883.87 Safari/537.36",1920x1080,1920x960,1903x2026,6ai17ipehf5lboga4d3n6q0596-dd-top_left,6ai17ipehf5lboga4d3n6q0596,0,2
0,1485868931669,303,469,mousedown,//*[@id='rso']/div[1]/div[2]/div/h3/a,{},"{""topRight"":571,""topLeft"":403,""bottomRight"":465,""bottomLeft"":229,""middle"":288,""inTarget"":false}",0.1578125,0.48854166666666665,1785.0,0.0,-0.009488292830168393,20170131142012,"Tue, 31 Jan 2017 14:20:12 +0100","Mozilla/5.0 (Windows NT 10.0; WOW64) AppleWebKit/537.36 (KHTML, like Gecko) Chrome/55.0.2883.87 Safari/537.36",1920x1080,1920x960,1903x2026,6ai17ipehf5lboga4d3n6q0596-dd-top_left,6ai17ipehf5lboga4d3n6q0596,0,2
0,1485868933140,303,469,mouseup,//*[@id='rso']/div[1]/div[2]/div/h3/a,{},"{""topRight"":571,""topLeft"":403,""bottomRight"":465,""bottomLeft"":229,""middle"":288,""inTarget"":false}",0.1578125,0.48854166666666665,1471.0,0.0,0.0,20170131142012,"Tue, 31 Jan 2017 14:20:12 +0100","Mozilla/5.0 (Windows NT 10.0; WOW64) AppleWebKit/537.36 (KHTML, like Gecko) Chrome/55.0.2883.87 Safari/537.36",1920x1080,1920x960,1903x2026,6ai17ipehf5lboga4d3n6q0596-dd-top_left,6ai17ipehf5lboga4d3n6q0596,0,2
0,1485868933141,303,469,click,//*[@id='rso']/div[1]/div[2]/div/h3/a,{},"{""topRight"":571,""topLeft"":403,""bottomRight"":465,""bottomLeft"":229,""middle"":288,""inTarget"":false}",0.1578125,0.48854166666666665,1.0,0.0,0.0,20170131142012,"Tue, 31 Jan 2017 14:20:12 +0100","Mozilla/5.0 (Windows NT 10.0; WOW64) AppleWebKit/537.36 (KHTML, like Gecko) Chrome/55.0.2883.87 Safari/537.36",1920x1080,1920x960,1903x2026,6ai17ipehf5lboga4d3n6q0596-dd-top_left,6ai17ipehf5lboga4d3n6q0596,0,2
0,1485868933142,0,0,beforeunload,/,{},{},0.0,0.0,1.0,558.3636807672934,558.3636807672934,20170131142012,"Tue, 31 Jan 2017 14:20:12 +0100","Mozilla/5.0 (Windows NT 10.0; WOW64) AppleWebKit/537.36 (KHTML, like Gecko) Chrome/55.0.2883.87 Safari/537.36",1920x1080,1920x960,1903x2026,6ai17ipehf5lboga4d3n6q0596-dd-top_left,6ai17ipehf5lboga4d3n6q0596,0,2
0,1485868933370,0,0,unload,/,{},{},0.0,0.0,228.0,0.0,-558.3636807672934,20170131142012,"Tue, 31 Jan 2017 14:20:12 +0100","Mozilla/5.0 (Windows NT 10.0; WOW64) AppleWebKit/537.36 (KHTML, like Gecko) Chrome/55.0.2883.87 Safari/537.36",1920x1080,1920x960,1903x2026,6ai17ipehf5lboga4d3n6q0596-dd-top_left,6ai17ipehf5lboga4d3n6q0596,0,2
