cursor,timestamp,xpos,ypos,event,xpath,attrs,extras,xpos_scaled,ypos_scaled,timestamp_diff,speed,acceleration,log_id,date,ua,screen,window,document,task,user_id,ad_clicked,attention
0,1483406281433,0,0,load,/,{},{},0.0,0.0,1.0,0.0,0.0,20170103021646,"Tue, 03 Jan 2017 02:16:46 +0100","Mozilla/5.0 (Windows NT 6.1) AppleWebKit/537.36 (KHTML, like Gecko) Chrome/55.0.2883.87 Safari/537.36",1366x768,1366x638,1349x1897,pkinqo5lrohqkbeo4kbp3qf4k1-dd-top_right,pkinqo5lrohqkbeo4kbp3qf4k1,0,4
0,1483406282812,0,0,blur,/,{},{},0.0,0.0,1379.0,0.0,0.0,20170103021646,"Tue, 03 Jan 2017 02:16:46 +0100","Mozilla/5.0 (Windows NT 6.1) AppleWebKit/537.36 (KHTML, like Gecko) Chrome/55.0.2883.87 Safari/537.36",1366x768,1366x638,1349x1897,pkinqo5lrohqkbeo4kbp3qf4k1-dd-top_right,pkinqo5lrohqkbeo4kbp3qf4k1,0,4
0,1483406374363,0,0,focus,/,{},{},0.0,0.0,91551.0,0.0,0.0,20170103021646,"Tue, 03 Jan 2017 02:16:46 +0100","Mozilla/5.0 (Windows NT 6.1) AppleWebKit/537.36 (KHTML, like Gecko) Chrome/55.0.2883.87 Safari/537.36",1366x768,1366x638,1349x1897,pkinqo5lrohqkbeo4kbp3qf4k1-dd-top_right,pkinqo5lrohqkbeo4kbp3qf4k1,0,4
0,1483406374976,647,4,mouseover,//*[@id='searchform']/div/div,{},"{""topRight"":606,""topLeft"":176,""bottomRight"":908,""bottomLeft"":699,""middle"":540,""inTarget"":false}",0.47364568081991215,0.006269592476489028,613.0,1.0554850972957326,1.0554850972957326,20170103021646,"Tue, 03 Jan 2017 02:16:46 +0100","Mozilla/5.0 (Windows NT 6.1) AppleWebKit/537.36 (KHTML, like Gecko) Chrome/55.0.2883.87 Safari/537.36",1366x768,1366x638,1349x1897,pkinqo5lrohqkbeo4kbp3qf4k1-dd-top_right,pkinqo5lrohqkbeo4kbp3qf4k1,0,4
0,1483406375176,583,66,mousemove,//*[@id='slim_appbar'],{},"{""topRight"":662,""topLeft"":211,""bottomRight"":908,""bottomLeft"":656,""middle"":546,""inTarget"":false}",0.4267935578330893,0.10344827586206896,200.0,0.44553338819890925,-0.6099517090968234,20170103021646,"Tue, 03 Jan 2017 02:16:46 +0100","Mozilla/5.0 (Windows NT 6.1) AppleWebKit/537.36 (KHTML, like Gecko) Chrome/55.0.2883.87 Safari/537.36",1366x768,1366x638,1349x1897,pkinqo5lrohqkbeo4kbp3qf4k1-dd-top_right,pkinqo5lrohqkbeo4kbp3qf4k1,0,4
0,1483406375326,806,157,mouseover,//*[@id='rhs_block']/div/div/div[4]/div[1]/div[1]/div[1]/div[1],{},"{""topRight"":441,""topLeft"":53,""bottomRight"":688,""bottomLeft"":531,""middle"":320,""inTarget"":true}",0.5900439238653001,0.24608150470219436,150.0,1.6056843470066655,1.1601509588077563,20170103021646,"Tue, 03 Jan 2017 02:16:46 +0100","Mozilla/5.0 (Windows NT 6.1) AppleWebKit/537.36 (KHTML, like Gecko) Chrome/55.0.2883.87 Safari/537.36",1366x768,1366x638,1349x1897,pkinqo5lrohqkbeo4kbp3qf4k1-dd-top_right,pkinqo5lrohqkbeo4kbp3qf4k1,0,4
0,1483406375559,853,167,mousemove,//*[@id='plarhs0'],{},"{""topRight"":396,""topLeft"":88,""bottomRight"":651,""bottomLeft"":525,""middle"":282,""inTarget"":true}",0.6244509516837482,0.2617554858934169,233.0,0.20623199616710666,-1.3994523508395589,20170103021646,"Tue, 03 Jan 2017 02:16:46 +0100","Mozilla/5.0 (Windows NT 6.1) AppleWebKit/537.36 (KHTML, like Gecko) Chrome/55.0.2883.87 Safari/537.36",1366x768,1366x638,1349x1897,pkinqo5lrohqkbeo4kbp3qf4k1-dd-top_right,pkinqo5lrohqkbeo4kbp3qf4k1,0,4
0,1483406376440,881,195,mousemove,//*[@id='plarhs0'],{},"{""topRight"":374,""topLeft"":127,""bottomRight"":612,""bottomLeft"":501,""middle"":244,""inTarget"":true}",0.6449487554904831,0.3056426332288401,881.0,0.04494662854307226,-0.1612853676240344,20170103021646,"Tue, 03 Jan 2017 02:16:46 +0100","Mozilla/5.0 (Windows NT 6.1) AppleWebKit/537.36 (KHTML, like Gecko) Chrome/55.0.2883.87 Safari/537.36",1366x768,1366x638,1349x1897,pkinqo5lrohqkbeo4kbp3qf4k1-dd-top_right,pkinqo5lrohqkbeo4kbp3qf4k1,0,4
0,1483406376590,391,252,mousemove,//*[@id='rso']/div[1]/div[2]/div/div/div/div[1]/cite/b[2],{},"{""topRight"":865,""topLeft"":425,""bottomRight"":958,""bottomLeft"":591,""middle"":643,""inTarget"":false}",0.2862371888726208,0.3949843260188088,150.0,3.288694438696169,3.243747810153097,20170103021646,"Tue, 03 Jan 2017 02:16:46 +0100","Mozilla/5.0 (Windows NT 6.1) AppleWebKit/537.36 (KHTML, like Gecko) Chrome/55.0.2883.87 Safari/537.36",1366x768,1366x638,1349x1897,pkinqo5lrohqkbeo4kbp3qf4k1-dd-top_right,pkinqo5lrohqkbeo4kbp3qf4k1,0,4
0,1483406377042,342,241,mousemove,//*[@id='rso']/div[1]/div[2]/div/h3,{},"{""topRight"":912,""topLeft"":468,""bottomRight"":1007,""bottomLeft"":633,""middle"":693,""inTarget"":false}",0.25036603221083453,0.3777429467084639,452.0,0.11110512857955504,-3.177589310116614,20170103021646,"Tue, 03 Jan 2017 02:16:46 +0100","Mozilla/5.0 (Windows NT 6.1) AppleWebKit/537.36 (KHTML, like Gecko) Chrome/55.0.2883.87 Safari/537.36",1366x768,1366x638,1349x1897,pkinqo5lrohqkbeo4kbp3qf4k1-dd-top_right,pkinqo5lrohqkbeo4kbp3qf4k1,0,4
0,1483406377201,351,244,mousemove,//*[@id='rso']/div[1]/div[2]/div/h3,{},"{""topRight"":904,""topLeft"":460,""bottomRight"":997,""bottomLeft"":624,""middle"":683,""inTarget"":false}",0.2569546120058565,0.3824451410658307,159.0,0.059665616229592065,-0.051439512349962975,20170103021646,"Tue, 03 Jan 2017 02:16:46 +0100","Mozilla/5.0 (Windows NT 6.1) AppleWebKit/537.36 (KHTML, like Gecko) Chrome/55.0.2883.87 Safari/537.36",1366x768,1366x638,1349x1897,pkinqo5lrohqkbeo4kbp3qf4k1-dd-top_right,pkinqo5lrohqkbeo4kbp3qf4k1,0,4
0,1483406377352,371,259,mousemove,//*[@id='rso']/div[1]/div[2]/div/div/div/div[1]/cite/b[2],{},"{""topRight"":886,""topLeft"":446,""bottomRight"":973,""bottomLeft"":600,""middle"":661,""inTarget"":false}",0.27159590043923865,0.4059561128526646,151.0,0.16556291390728478,0.10589729767769271,20170103021646,"Tue, 03 Jan 2017 02:16:46 +0100","Mozilla/5.0 (Windows NT 6.1) AppleWebKit/537.36 (KHTML, like Gecko) Chrome/55.0.2883.87 Safari/537.36",1366x768,1366x638,1349x1897,pkinqo5lrohqkbeo4kbp3qf4k1-dd-top_right,pkinqo5lrohqkbeo4kbp3qf4k1,0,4
0,1483406377747,384,270,mousemove,//*[@id='rso']/div[1]/div[2]/div/div/div/span,{},"{""topRight"":875,""topLeft"":438,""bottomRight"":956,""bottomLeft"":583,""middle"":646,""inTarget"":false}",0.28111273792093705,0.4231974921630094,395.0,0.04311237054664912,-0.12245054336063566,20170103021646,"Tue, 03 Jan 2017 02:16:46 +0100","Mozilla/5.0 (Windows NT 6.1) AppleWebKit/537.36 (KHTML, like Gecko) Chrome/55.0.2883.87 Safari/537.36",1366x768,1366x638,1349x1897,pkinqo5lrohqkbeo4kbp3qf4k1-dd-top_right,pkinqo5lrohqkbeo4kbp3qf4k1,0,4
0,1483406377902,364,211,mousemove,//*[@id='rso']/div[1],{},"{""topRight"":886,""topLeft"":439,""bottomRight"":1001,""bottomLeft"":640,""middle"":679,""inTarget"":false}",0.2664714494875549,0.33072100313479624,155.0,0.40192046779800056,0.35880809725135143,20170103021646,"Tue, 03 Jan 2017 02:16:46 +0100","Mozilla/5.0 (Windows NT 6.1) AppleWebKit/537.36 (KHTML, like Gecko) Chrome/55.0.2883.87 Safari/537.36",1366x768,1366x638,1349x1897,pkinqo5lrohqkbeo4kbp3qf4k1-dd-top_right,pkinqo5lrohqkbeo4kbp3qf4k1,0,4
0,1483406378053,371,197,mousemove,//*[@id='rso']/div[1]/div[1]/div/div/div/div[2]/a[3],{},"{""topRight"":878,""topLeft"":429,""bottomRight"":1002,""bottomLeft"":645,""middle"":676,""inTarget"":false}",0.27159590043923865,0.30877742946708464,151.0,0.10365878041389755,-0.298261687384103,20170103021646,"Tue, 03 Jan 2017 02:16:46 +0100","Mozilla/5.0 (Windows NT 6.1) AppleWebKit/537.36 (KHTML, like Gecko) Chrome/55.0.2883.87 Safari/537.36",1366x768,1366x638,1349x1897,pkinqo5lrohqkbeo4kbp3qf4k1-dd-top_right,pkinqo5lrohqkbeo4kbp3qf4k1,0,4
0,1483406378323,375,201,mousemove,//*[@id='rso']/div[1]/div[1]/div/div/div/div[2]/a[3],{},"{""topRight"":874,""topLeft"":426,""bottomRight"":996,""bottomLeft"":640,""middle"":671,""inTarget"":false}",0.2745241581259151,0.31504702194357365,270.0,0.020951312035156964,-0.08270746837874059,20170103021646,"Tue, 03 Jan 2017 02:16:46 +0100","Mozilla/5.0 (Windows NT 6.1) AppleWebKit/537.36 (KHTML, like Gecko) Chrome/55.0.2883.87 Safari/537.36",1366x768,1366x638,1349x1897,pkinqo5lrohqkbeo4kbp3qf4k1-dd-top_right,pkinqo5lrohqkbeo4kbp3qf4k1,0,4
0,1483406378656,666,183,mousemove,//*[@id='rso']/div[1]/div[1]/div/div/div,{},"{""topRight"":583,""topLeft"":146,""bottomRight"":768,""bottomLeft"":520,""middle"":411,""inTarget"":false}",0.48755490483162517,0.28683385579937304,333.0,0.875544052688961,0.854592740653804,20170103021646,"Tue, 03 Jan 2017 02:16:46 +0100","Mozilla/5.0 (Windows NT 6.1) AppleWebKit/537.36 (KHTML, like Gecko) Chrome/55.0.2883.87 Safari/537.36",1366x768,1366x638,1349x1897,pkinqo5lrohqkbeo4kbp3qf4k1-dd-top_right,pkinqo5lrohqkbeo4kbp3qf4k1,0,4
0,1483406378831,880,177,mousemove,//*[@id='plarhs0'],{},"{""topRight"":371,""topLeft"":115,""bottomRight"":627,""bottomLeft"":519,""middle"":259,""inTarget"":true}",0.6442166910688141,0.2774294670846395,175.0,1.2233376892913976,0.3477936366024367,20170103021646,"Tue, 03 Jan 2017 02:16:46 +0100","Mozilla/5.0 (Windows NT 6.1) AppleWebKit/537.36 (KHTML, like Gecko) Chrome/55.0.2883.87 Safari/537.36",1366x768,1366x638,1349x1897,pkinqo5lrohqkbeo4kbp3qf4k1-dd-top_right,pkinqo5lrohqkbeo4kbp3qf4k1,0,4
0,1483406378999,890,176,mousemove,//*[@id='plarhs0'],{},"{""topRight"":361,""topLeft"":122,""bottomRight"":622,""bottomLeft"":522,""middle"":255,""inTarget"":true}",0.6515373352855052,0.27586206896551724,168.0,0.05982068822095768,-1.1635170010704399,20170103021646,"Tue, 03 Jan 2017 02:16:46 +0100","Mozilla/5.0 (Windows NT 6.1) AppleWebKit/537.36 (KHTML, like Gecko) Chrome/55.0.2883.87 Safari/537.36",1366x768,1366x638,1349x1897,pkinqo5lrohqkbeo4kbp3qf4k1-dd-top_right,pkinqo5lrohqkbeo4kbp3qf4k1,0,4
0,1483406379514,891,176,mousedown,//*[@id='plarhs0'],{},"{""topRight"":360,""topLeft"":123,""bottomRight"":622,""bottomLeft"":522,""middle"":254,""inTarget"":true}",0.6522693997071742,0.27586206896551724,515.0,0.001941747572815534,-0.05787894064814215,20170103021646,"Tue, 03 Jan 2017 02:16:46 +0100","Mozilla/5.0 (Windows NT 6.1) AppleWebKit/537.36 (KHTML, like Gecko) Chrome/55.0.2883.87 Safari/537.36",1366x768,1366x638,1349x1897,pkinqo5lrohqkbeo4kbp3qf4k1-dd-top_right,pkinqo5lrohqkbeo4kbp3qf4k1,0,4
0,1483406379712,891,176,mouseup,//*[@id='plarhs0'],{},"{""topRight"":360,""topLeft"":123,""bottomRight"":622,""bottomLeft"":522,""middle"":254,""inTarget"":true}",0.6522693997071742,0.27586206896551724,198.0,0.0,-0.001941747572815534,20170103021646,"Tue, 03 Jan 2017 02:16:46 +0100","Mozilla/5.0 (Windows NT 6.1) AppleWebKit/537.36 (KHTML, like Gecko) Chrome/55.0.2883.87 Safari/537.36",1366x768,1366x638,1349x1897,pkinqo5lrohqkbeo4kbp3qf4k1-dd-top_right,pkinqo5lrohqkbeo4kbp3qf4k1,0,4
0,1483406379714,891,176,click,//*[@id='plarhs0'],{},"{""topRight"":360,""topLeft"":123,""bottomRight"":622,""bottomLeft"":522,""middle"":254,""inTarget"":true}",0.6522693997071742,0.27586206896551724,2.0,0.0,0.0,20170103021646,"Tue, 03 Jan 2017 02:16:46 +0100","Mozilla/5.0 (Windows NT 6.1) AppleWebKit/537.36 (KHTML, like Gecko) Chrome/55.0.2883.87 Safari/537.36",1366x768,1366x638,1349x1897,pkinqo5lrohqkbeo4kbp3qf4k1-dd-top_right,pkinqo5lrohqkbeo4kbp3qf4k1,0,4
0,1483406379717,0,0,beforeunload,/,{},{},0.0,0.0,3.0,302.7387946361975,302.7387946361975,20170103021646,"Tue, 03 Jan 2017 02:16:46 +0100","Mozilla/5.0 (Windows NT 6.1) AppleWebKit/537.36 (KHTML, like Gecko) Chrome/55.0.2883.87 Safari/537.36",1366x768,1366x638,1349x1897,pkinqo5lrohqkbeo4kbp3qf4k1-dd-top_right,pkinqo5lrohqkbeo4kbp3qf4k1,0,4
0,1483406380427,891,176,mousemove,//*[@id='plarhs0'],{},"{""topRight"":360,""topLeft"":123,""bottomRight"":622,""bottomLeft"":522,""middle"":254,""inTarget"":true}",0.6522693997071742,0.27586206896551724,710.0,1.27917800550506,-301.45961663069244,20170103021646,"Tue, 03 Jan 2017 02:16:46 +0100","Mozilla/5.0 (Windows NT 6.1) AppleWebKit/537.36 (KHTML, like Gecko) Chrome/55.0.2883.87 Safari/537.36",1366x768,1366x638,1349x1897,pkinqo5lrohqkbeo4kbp3qf4k1-dd-top_right,pkinqo5lrohqkbeo4kbp3qf4k1,0,4
0,1483406380659,0,0,unload,/,{},{},0.0,0.0,232.0,3.9147257927094508,2.635547787204391,20170103021646,"Tue, 03 Jan 2017 02:16:46 +0100","Mozilla/5.0 (Windows NT 6.1) AppleWebKit/537.36 (KHTML, like Gecko) Chrome/55.0.2883.87 Safari/537.36",1366x768,1366x638,1349x1897,pkinqo5lrohqkbeo4kbp3qf4k1-dd-top_right,pkinqo5lrohqkbeo4kbp3qf4k1,0,4
