cursor,timestamp,xpos,ypos,event,xpath,attrs,extras,xpos_scaled,ypos_scaled,timestamp_diff,speed,acceleration,log_id,date,ua,screen,window,document,task,user_id,ad_clicked,attention
0,1488540908426,0,0,load,/,{},{},0.0,0.0,1.0,0.0,0.0,20170303123326,"Fri, 03 Mar 2017 12:33:26 +0100","Mozilla/5.0 (Windows NT 10.0; Win64; x64) AppleWebKit/537.36 (KHTML, like Gecko) Chrome/56.0.2924.87 Safari/537.36",1920x1080,1510x802,1493x1888,k3joe90uqtaumfattvcgv9ppj1-dd-top_right,k3joe90uqtaumfattvcgv9ppj1,0,2
0,1488540908606,1039,245,mousemove,//*[@id='rhs_block']/div/div/div[4]/div[1]/div[2]/div[1]/div[2]/div[1]/a/span[3],{},"{""topRight"":248,""topLeft"":285,""bottomRight"":324,""bottomLeft"":354,""middle"":60,""inTarget"":true}",0.6880794701986755,0.3054862842892768,180.0,5.930528883624644,5.930528883624644,20170303123326,"Fri, 03 Mar 2017 12:33:26 +0100","Mozilla/5.0 (Windows NT 10.0; Win64; x64) AppleWebKit/537.36 (KHTML, like Gecko) Chrome/56.0.2924.87 Safari/537.36",1920x1080,1510x802,1493x1888,k3joe90uqtaumfattvcgv9ppj1-dd-top_right,k3joe90uqtaumfattvcgv9ppj1,0,2
0,1488540908758,567,209,mousemove,//*[@id='rso'],{},"{""topRight"":685,""topLeft"":246,""bottomRight"":735,""bottomLeft"":363,""middle"":459,""inTarget"":false}",0.3754966887417219,0.26059850374064836,152.0,3.1142821745313767,-2.8162467090932677,20170303123326,"Fri, 03 Mar 2017 12:33:26 +0100","Mozilla/5.0 (Windows NT 10.0; Win64; x64) AppleWebKit/537.36 (KHTML, like Gecko) Chrome/56.0.2924.87 Safari/537.36",1920x1080,1510x802,1493x1888,k3joe90uqtaumfattvcgv9ppj1-dd-top_right,k3joe90uqtaumfattvcgv9ppj1,0,2
0,1488540908910,342,111,mouseover,//*[@id='center_col'],{},"{""topRight"":902,""topLeft"":448,""bottomRight"":981,""bottomLeft"":591,""middle"":701,""inTarget"":false}",0.22649006622516557,0.13840399002493767,152.0,1.6145787723701701,-1.4997034021612066,20170303123326,"Fri, 03 Mar 2017 12:33:26 +0100","Mozilla/5.0 (Windows NT 10.0; Win64; x64) AppleWebKit/537.36 (KHTML, like Gecko) Chrome/56.0.2924.87 Safari/537.36",1920x1080,1510x802,1493x1888,k3joe90uqtaumfattvcgv9ppj1-dd-top_right,k3joe90uqtaumfattvcgv9ppj1,0,2
0,1488540909087,333,100,mouseover,//*[@id='tads'],{},"{""topRight"":911,""topLeft"":457,""bottomRight"":993,""bottomLeft"":605,""middle"":713,""inTarget"":false}",0.2205298013245033,0.12468827930174564,177.0,0.08029757290142314,-1.5342811994687469,20170303123326,"Fri, 03 Mar 2017 12:33:26 +0100","Mozilla/5.0 (Windows NT 10.0; Win64; x64) AppleWebKit/537.36 (KHTML, like Gecko) Chrome/56.0.2924.87 Safari/537.36",1920x1080,1510x802,1493x1888,k3joe90uqtaumfattvcgv9ppj1-dd-top_right,k3joe90uqtaumfattvcgv9ppj1,0,2
0,1488540909311,334,110,mousedown,//*[@id='center_col'],{},"{""topRight"":910,""topLeft"":456,""bottomRight"":988,""bottomLeft"":597,""middle"":709,""inTarget"":false}",0.22119205298013245,0.1371571072319202,224.0,0.04486551616571826,-0.03543205673570488,20170303123326,"Fri, 03 Mar 2017 12:33:26 +0100","Mozilla/5.0 (Windows NT 10.0; Win64; x64) AppleWebKit/537.36 (KHTML, like Gecko) Chrome/56.0.2924.87 Safari/537.36",1920x1080,1510x802,1493x1888,k3joe90uqtaumfattvcgv9ppj1-dd-top_right,k3joe90uqtaumfattvcgv9ppj1,0,2
0,1488540909414,334,110,mouseup,//*[@id='center_col'],{},"{""topRight"":910,""topLeft"":456,""bottomRight"":988,""bottomLeft"":597,""middle"":709,""inTarget"":false}",0.22119205298013245,0.1371571072319202,103.0,0.0,-0.04486551616571826,20170303123326,"Fri, 03 Mar 2017 12:33:26 +0100","Mozilla/5.0 (Windows NT 10.0; Win64; x64) AppleWebKit/537.36 (KHTML, like Gecko) Chrome/56.0.2924.87 Safari/537.36",1920x1080,1510x802,1493x1888,k3joe90uqtaumfattvcgv9ppj1-dd-top_right,k3joe90uqtaumfattvcgv9ppj1,0,2
0,1488540909414,334,110,click,//*[@id='center_col'],{},"{""topRight"":910,""topLeft"":456,""bottomRight"":988,""bottomLeft"":597,""middle"":709,""inTarget"":false}",0.22119205298013245,0.1371571072319202,0.0,0.0,0.0,20170303123326,"Fri, 03 Mar 2017 12:33:26 +0100","Mozilla/5.0 (Windows NT 10.0; Win64; x64) AppleWebKit/537.36 (KHTML, like Gecko) Chrome/56.0.2924.87 Safari/537.36",1920x1080,1510x802,1493x1888,k3joe90uqtaumfattvcgv9ppj1-dd-top_right,k3joe90uqtaumfattvcgv9ppj1,0,2
0,1488540909566,330,117,mousemove,//*[@id='rso']/div[1]/div/h3/a,{},"{""topRight"":914,""topLeft"":460,""bottomRight"":989,""bottomLeft"":596,""middle"":711,""inTarget"":false}",0.2185430463576159,0.14588528678304238,152.0,0.053041169396700984,0.053041169396700984,20170303123326,"Fri, 03 Mar 2017 12:33:26 +0100","Mozilla/5.0 (Windows NT 10.0; Win64; x64) AppleWebKit/537.36 (KHTML, like Gecko) Chrome/56.0.2924.87 Safari/537.36",1920x1080,1510x802,1493x1888,k3joe90uqtaumfattvcgv9ppj1-dd-top_right,k3joe90uqtaumfattvcgv9ppj1,0,2
0,1488540909686,327,120,mousedown,//*[@id='rso']/div[1]/div/h3/a,{},"{""topRight"":917,""topLeft"":463,""bottomRight"":991,""bottomLeft"":596,""middle"":713,""inTarget"":false}",0.2165562913907285,0.14962593516209477,120.0,0.035355339059327376,-0.017685830337373608,20170303123326,"Fri, 03 Mar 2017 12:33:26 +0100","Mozilla/5.0 (Windows NT 10.0; Win64; x64) AppleWebKit/537.36 (KHTML, like Gecko) Chrome/56.0.2924.87 Safari/537.36",1920x1080,1510x802,1493x1888,k3joe90uqtaumfattvcgv9ppj1-dd-top_right,k3joe90uqtaumfattvcgv9ppj1,0,2
0,1488540909798,327,120,mouseup,//*[@id='rso']/div[1]/div/h3/a,{},"{""topRight"":917,""topLeft"":463,""bottomRight"":991,""bottomLeft"":596,""middle"":713,""inTarget"":false}",0.2165562913907285,0.14962593516209477,112.0,0.0,-0.035355339059327376,20170303123326,"Fri, 03 Mar 2017 12:33:26 +0100","Mozilla/5.0 (Windows NT 10.0; Win64; x64) AppleWebKit/537.36 (KHTML, like Gecko) Chrome/56.0.2924.87 Safari/537.36",1920x1080,1510x802,1493x1888,k3joe90uqtaumfattvcgv9ppj1-dd-top_right,k3joe90uqtaumfattvcgv9ppj1,0,2
0,1488540909798,327,120,click,//*[@id='rso']/div[1]/div/h3/a,{},"{""topRight"":917,""topLeft"":463,""bottomRight"":991,""bottomLeft"":596,""middle"":713,""inTarget"":false}",0.2165562913907285,0.14962593516209477,0.0,0.0,0.0,20170303123326,"Fri, 03 Mar 2017 12:33:26 +0100","Mozilla/5.0 (Windows NT 10.0; Win64; x64) AppleWebKit/537.36 (KHTML, like Gecko) Chrome/56.0.2924.87 Safari/537.36",1920x1080,1510x802,1493x1888,k3joe90uqtaumfattvcgv9ppj1-dd-top_right,k3joe90uqtaumfattvcgv9ppj1,0,2
0,1488540909799,0,0,beforeunload,/,{},{},0.0,0.0,1.0,348.3231258472512,348.3231258472512,20170303123326,"Fri, 03 Mar 2017 12:33:26 +0100","Mozilla/5.0 (Windows NT 10.0; Win64; x64) AppleWebKit/537.36 (KHTML, like Gecko) Chrome/56.0.2924.87 Safari/537.36",1920x1080,1510x802,1493x1888,k3joe90uqtaumfattvcgv9ppj1-dd-top_right,k3joe90uqtaumfattvcgv9ppj1,0,2
0,1488540910128,0,0,unload,/,{},{},0.0,0.0,329.0,0.0,-348.3231258472512,20170303123326,"Fri, 03 Mar 2017 12:33:26 +0100","Mozilla/5.0 (Windows NT 10.0; Win64; x64) AppleWebKit/537.36 (KHTML, like Gecko) Chrome/56.0.2924.87 Safari/537.36",1920x1080,1510x802,1493x1888,k3joe90uqtaumfattvcgv9ppj1-dd-top_right,k3joe90uqtaumfattvcgv9ppj1,0,2
