cursor,timestamp,xpos,ypos,event,xpath,attrs,extras,xpos_scaled,ypos_scaled,timestamp_diff,speed,acceleration,log_id,date,ua,screen,window,document,task,user_id,ad_clicked,attention
0,1488298656497,0,0,load,/,{},{},0.0,0.0,1.0,0.0,0.0,20170228171557,"Tue, 28 Feb 2017 17:15:57 +0100","Mozilla/5.0 (Windows NT 6.3) AppleWebKit/537.36 (KHTML, like Gecko) Chrome/56.0.2924.87 Safari/537.36",1366x768,1366x638,1349x1887,23b3hjg06rsr0rnknvi9e8stj5-native-top_left,23b3hjg06rsr0rnknvi9e8stj5,1,4
0,1488298659241,0,0,focus,/,{},{},0.0,0.0,2744.0,0.0,0.0,20170228171557,"Tue, 28 Feb 2017 17:15:57 +0100","Mozilla/5.0 (Windows NT 6.3) AppleWebKit/537.36 (KHTML, like Gecko) Chrome/56.0.2924.87 Safari/537.36",1366x768,1366x638,1349x1887,23b3hjg06rsr0rnknvi9e8stj5-native-top_left,23b3hjg06rsr0rnknvi9e8stj5,1,4
0,1488298659584,376,12,mouseover,//*[@id='sfdiv'],{},"{""topRight"":378,""topLeft"":263,""bottomRight"":459,""bottomLeft"":370,""middle"":191,""inTarget"":false}",0.2752562225475842,0.018808777429467086,343.0,1.0967680484712754,1.0967680484712754,20170228171557,"Tue, 28 Feb 2017 17:15:57 +0100","Mozilla/5.0 (Windows NT 6.3) AppleWebKit/537.36 (KHTML, like Gecko) Chrome/56.0.2924.87 Safari/537.36",1366x768,1366x638,1349x1887,23b3hjg06rsr0rnknvi9e8stj5-native-top_left,23b3hjg06rsr0rnknvi9e8stj5,1,4
0,1488298659734,341,258,mousemove,//*[@id='tads']/ol/li/ul/li[4],{},"{""topRight"":433,""topLeft"":265,""bottomRight"":404,""bottomLeft"":215,""middle"":115,""inTarget"":true}",0.24963396778916544,0.4043887147335423,150.0,1.6565157543604723,0.5597477058891969,20170228171557,"Tue, 28 Feb 2017 17:15:57 +0100","Mozilla/5.0 (Windows NT 6.3) AppleWebKit/537.36 (KHTML, like Gecko) Chrome/56.0.2924.87 Safari/537.36",1366x768,1366x638,1349x1887,23b3hjg06rsr0rnknvi9e8stj5-native-top_left,23b3hjg06rsr0rnknvi9e8stj5,1,4
0,1488298659884,280,268,mousemove,//*[@id='tads']/ol/li/ul/li[4],{},"{""topRight"":493,""topLeft"":227,""bottomRight"":464,""bottomLeft"":153,""middle"":173,""inTarget"":true}",0.20497803806734993,0.4200626959247649,150.0,0.4120949189473491,-1.2444208354131232,20170228171557,"Tue, 28 Feb 2017 17:15:57 +0100","Mozilla/5.0 (Windows NT 6.3) AppleWebKit/537.36 (KHTML, like Gecko) Chrome/56.0.2924.87 Safari/537.36",1366x768,1366x638,1349x1887,23b3hjg06rsr0rnknvi9e8stj5-native-top_left,23b3hjg06rsr0rnknvi9e8stj5,1,4
0,1488298660039,324,129,mouseover,//*[@id='vs0p1c0'],{},"{""topRight"":421,""topLeft"":198,""bottomRight"":448,""bottomLeft"":251,""middle"":129,""inTarget"":true}",0.23718887262079064,0.20219435736677116,155.0,0.940631001265163,0.5285360823178138,20170228171557,"Tue, 28 Feb 2017 17:15:57 +0100","Mozilla/5.0 (Windows NT 6.3) AppleWebKit/537.36 (KHTML, like Gecko) Chrome/56.0.2924.87 Safari/537.36",1366x768,1366x638,1349x1887,23b3hjg06rsr0rnknvi9e8stj5-native-top_left,23b3hjg06rsr0rnknvi9e8stj5,1,4
0,1488298660199,331,116,mousemove,//*[@id='vs0p1c0'],{},"{""topRight"":413,""topLeft"":204,""bottomRight"":447,""bottomLeft"":265,""middle"":130,""inTarget"":true}",0.24231332357247437,0.18181818181818182,160.0,0.09228014412645875,-0.8483508571387042,20170228171557,"Tue, 28 Feb 2017 17:15:57 +0100","Mozilla/5.0 (Windows NT 6.3) AppleWebKit/537.36 (KHTML, like Gecko) Chrome/56.0.2924.87 Safari/537.36",1366x768,1366x638,1349x1887,23b3hjg06rsr0rnknvi9e8stj5-native-top_left,23b3hjg06rsr0rnknvi9e8stj5,1,4
0,1488298660364,332,115,mousedown,//*[@id='vs0p1c0'],{},"{""topRight"":412,""topLeft"":205,""bottomRight"":446,""bottomLeft"":266,""middle"":130,""inTarget"":true}",0.2430453879941435,0.18025078369905956,165.0,0.008570991287109668,-0.08370915283934909,20170228171557,"Tue, 28 Feb 2017 17:15:57 +0100","Mozilla/5.0 (Windows NT 6.3) AppleWebKit/537.36 (KHTML, like Gecko) Chrome/56.0.2924.87 Safari/537.36",1366x768,1366x638,1349x1887,23b3hjg06rsr0rnknvi9e8stj5-native-top_left,23b3hjg06rsr0rnknvi9e8stj5,1,4
0,1488298660474,332,115,mouseup,//*[@id='vs0p1c0'],{},"{""topRight"":412,""topLeft"":205,""bottomRight"":446,""bottomLeft"":266,""middle"":130,""inTarget"":true}",0.2430453879941435,0.18025078369905956,110.0,0.0,-0.008570991287109668,20170228171557,"Tue, 28 Feb 2017 17:15:57 +0100","Mozilla/5.0 (Windows NT 6.3) AppleWebKit/537.36 (KHTML, like Gecko) Chrome/56.0.2924.87 Safari/537.36",1366x768,1366x638,1349x1887,23b3hjg06rsr0rnknvi9e8stj5-native-top_left,23b3hjg06rsr0rnknvi9e8stj5,1,4
0,1488298660475,332,115,click,//*[@id='vs0p1c0'],{},"{""topRight"":412,""topLeft"":205,""bottomRight"":446,""bottomLeft"":266,""middle"":130,""inTarget"":true}",0.2430453879941435,0.18025078369905956,1.0,0.0,0.0,20170228171557,"Tue, 28 Feb 2017 17:15:57 +0100","Mozilla/5.0 (Windows NT 6.3) AppleWebKit/537.36 (KHTML, like Gecko) Chrome/56.0.2924.87 Safari/537.36",1366x768,1366x638,1349x1887,23b3hjg06rsr0rnknvi9e8stj5-native-top_left,23b3hjg06rsr0rnknvi9e8stj5,1,4
0,1488298660476,0,0,beforeunload,/,{},{},0.0,0.0,1.0,351.35309874825356,351.35309874825356,20170228171557,"Tue, 28 Feb 2017 17:15:57 +0100","Mozilla/5.0 (Windows NT 6.3) AppleWebKit/537.36 (KHTML, like Gecko) Chrome/56.0.2924.87 Safari/537.36",1366x768,1366x638,1349x1887,23b3hjg06rsr0rnknvi9e8stj5-native-top_left,23b3hjg06rsr0rnknvi9e8stj5,1,4
0,1488298660767,332,116,mousemove,//*[@id='vs0p1c0'],{},"{""topRight"":412,""topLeft"":205,""bottomRight"":446,""bottomLeft"":266,""middle"":129,""inTarget"":true}",0.2430453879941435,0.18181818181818182,291.0,1.2085280901901452,-350.1445706580634,20170228171557,"Tue, 28 Feb 2017 17:15:57 +0100","Mozilla/5.0 (Windows NT 6.3) AppleWebKit/537.36 (KHTML, like Gecko) Chrome/56.0.2924.87 Safari/537.36",1366x768,1366x638,1349x1887,23b3hjg06rsr0rnknvi9e8stj5-native-top_left,23b3hjg06rsr0rnknvi9e8stj5,1,4
0,1488298661036,331,137,mouseover,//*[@id='tads']/ol/li/div[1]/g-bubble/a/span,{},"{""topRight"":415,""topLeft"":206,""bottomRight"":439,""bottomLeft"":252,""middle"":119,""inTarget"":true}",0.24231332357247437,0.21473354231974923,269.0,0.07815537561943732,-1.1303727145707079,20170228171557,"Tue, 28 Feb 2017 17:15:57 +0100","Mozilla/5.0 (Windows NT 6.3) AppleWebKit/537.36 (KHTML, like Gecko) Chrome/56.0.2924.87 Safari/537.36",1366x768,1366x638,1349x1887,23b3hjg06rsr0rnknvi9e8stj5-native-top_left,23b3hjg06rsr0rnknvi9e8stj5,1,4
0,1488298661209,334,138,mousemove,//*[@id='tads']/ol/li/div[1]/g-bubble/a/span,{},"{""topRight"":412,""topLeft"":209,""bottomRight"":436,""bottomLeft"":254,""middle"":116,""inTarget"":true}",0.2445095168374817,0.21630094043887146,173.0,0.0182790616194704,-0.059876313999966915,20170228171557,"Tue, 28 Feb 2017 17:15:57 +0100","Mozilla/5.0 (Windows NT 6.3) AppleWebKit/537.36 (KHTML, like Gecko) Chrome/56.0.2924.87 Safari/537.36",1366x768,1366x638,1349x1887,23b3hjg06rsr0rnknvi9e8stj5-native-top_left,23b3hjg06rsr0rnknvi9e8stj5,1,4
0,1488298661363,343,125,mousemove,//*[@id='vs0p1c0'],{},"{""topRight"":402,""topLeft"":216,""bottomRight"":432,""bottomLeft"":269,""middle"":115,""inTarget"":true}",0.25109809663250365,0.19592476489028213,154.0,0.10267135260286946,0.08439229098339905,20170228171557,"Tue, 28 Feb 2017 17:15:57 +0100","Mozilla/5.0 (Windows NT 6.3) AppleWebKit/537.36 (KHTML, like Gecko) Chrome/56.0.2924.87 Safari/537.36",1366x768,1366x638,1349x1887,23b3hjg06rsr0rnknvi9e8stj5-native-top_left,23b3hjg06rsr0rnknvi9e8stj5,1,4
0,1488298661515,348,120,mousemove,//*[@id='vs0p1c0'],{},"{""topRight"":397,""topLeft"":221,""bottomRight"":429,""bottomLeft"":276,""middle"":114,""inTarget"":true}",0.2547584187408492,0.18808777429467086,152.0,0.04652018297279918,-0.056151169630070275,20170228171557,"Tue, 28 Feb 2017 17:15:57 +0100","Mozilla/5.0 (Windows NT 6.3) AppleWebKit/537.36 (KHTML, like Gecko) Chrome/56.0.2924.87 Safari/537.36",1366x768,1366x638,1349x1887,23b3hjg06rsr0rnknvi9e8stj5-native-top_left,23b3hjg06rsr0rnknvi9e8stj5,1,4
0,1488298661918,0,0,unload,/,{},{},0.0,0.0,403.0,0.9134210412016656,0.8669008582288664,20170228171557,"Tue, 28 Feb 2017 17:15:57 +0100","Mozilla/5.0 (Windows NT 6.3) AppleWebKit/537.36 (KHTML, like Gecko) Chrome/56.0.2924.87 Safari/537.36",1366x768,1366x638,1349x1887,23b3hjg06rsr0rnknvi9e8stj5-native-top_left,23b3hjg06rsr0rnknvi9e8stj5,1,4
