cursor,timestamp,xpos,ypos,event,xpath,attrs,extras,xpos_scaled,ypos_scaled,timestamp_diff,speed,acceleration,log_id,date,ua,screen,window,document,task,user_id,ad_clicked,attention
0,1489427346303,0,0,load,/,{},{},0.0,0.0,1.0,0.0,0.0,20170313184736,"Mon, 13 Mar 2017 18:47:36 +0100","Mozilla/5.0 (Windows NT 6.0) AppleWebKit/537.36 (KHTML, like Gecko) Chrome/49.0.2623.112 Safari/537.36",1360x768,1360x653,1343x1428,4dlc2pejnf86d8ch7qvsuknuk4-dd-top_right,4dlc2pejnf86d8ch7qvsuknuk4,0,1
0,1489427346771,403,196,mouseover,//*[@id='rso']/div/div[1]/div/div/div/div[2],{},"{""topRight"":846,""topLeft"":397,""bottomRight"":843,""bottomLeft"":391,""middle"":614,""inTarget"":false}",0.2963235294117647,0.3001531393568147,468.0,0.9575534707160975,0.9575534707160975,20170313184736,"Mon, 13 Mar 2017 18:47:36 +0100","Mozilla/5.0 (Windows NT 6.0) AppleWebKit/537.36 (KHTML, like Gecko) Chrome/49.0.2623.112 Safari/537.36",1360x768,1360x653,1343x1428,4dlc2pejnf86d8ch7qvsuknuk4-dd-top_right,4dlc2pejnf86d8ch7qvsuknuk4,0,1
0,1489427349528,403,197,mousemove,//*[@id='rso']/div/div[1]/div/div/div/div[2],{},"{""topRight"":846,""topLeft"":398,""bottomRight"":843,""bottomLeft"":390,""middle"":614,""inTarget"":false}",0.2963235294117647,0.3016845329249617,2757.0,0.0003627130939426913,-0.9571907576221549,20170313184736,"Mon, 13 Mar 2017 18:47:36 +0100","Mozilla/5.0 (Windows NT 6.0) AppleWebKit/537.36 (KHTML, like Gecko) Chrome/49.0.2623.112 Safari/537.36",1360x768,1360x653,1343x1428,4dlc2pejnf86d8ch7qvsuknuk4-dd-top_right,4dlc2pejnf86d8ch7qvsuknuk4,0,1
0,1489427349728,403,196,mousemove,//*[@id='rso']/div/div[1]/div/div/div/div[2],{},"{""topRight"":846,""topLeft"":397,""bottomRight"":843,""bottomLeft"":391,""middle"":614,""inTarget"":false}",0.2963235294117647,0.3001531393568147,200.0,0.005,0.004637286906057309,20170313184736,"Mon, 13 Mar 2017 18:47:36 +0100","Mozilla/5.0 (Windows NT 6.0) AppleWebKit/537.36 (KHTML, like Gecko) Chrome/49.0.2623.112 Safari/537.36",1360x768,1360x653,1343x1428,4dlc2pejnf86d8ch7qvsuknuk4-dd-top_right,4dlc2pejnf86d8ch7qvsuknuk4,0,1
0,1489427349878,411,21,mousemove,//*[@id='lst-ib'],{},"{""topRight"":837,""topLeft"":388,""bottomRight"":864,""bottomLeft"":442,""middle"":626,""inTarget"":false}",0.30220588235294116,0.03215926493108729,150.0,1.1678850780601469,1.162885078060147,20170313184736,"Mon, 13 Mar 2017 18:47:36 +0100","Mozilla/5.0 (Windows NT 6.0) AppleWebKit/537.36 (KHTML, like Gecko) Chrome/49.0.2623.112 Safari/537.36",1360x768,1360x653,1343x1428,4dlc2pejnf86d8ch7qvsuknuk4-dd-top_right,4dlc2pejnf86d8ch7qvsuknuk4,0,1
0,1489427350626,0,0,blur,/,{},{},0.0,0.0,748.0,0.5501820142387308,-0.617703063821416,20170313184736,"Mon, 13 Mar 2017 18:47:36 +0100","Mozilla/5.0 (Windows NT 6.0) AppleWebKit/537.36 (KHTML, like Gecko) Chrome/49.0.2623.112 Safari/537.36",1360x768,1360x653,1343x1428,4dlc2pejnf86d8ch7qvsuknuk4-dd-top_right,4dlc2pejnf86d8ch7qvsuknuk4,0,1
0,1489427357050,0,0,focus,/,{},{},0.0,0.0,6424.0,0.0,-0.5501820142387308,20170313184736,"Mon, 13 Mar 2017 18:47:36 +0100","Mozilla/5.0 (Windows NT 6.0) AppleWebKit/537.36 (KHTML, like Gecko) Chrome/49.0.2623.112 Safari/537.36",1360x768,1360x653,1343x1428,4dlc2pejnf86d8ch7qvsuknuk4-dd-top_right,4dlc2pejnf86d8ch7qvsuknuk4,0,1
0,1489427357591,603,12,mouseover,//*[@id='sfdiv'],{},"{""topRight"":648,""topLeft"":209,""bottomRight"":683,""bottomLeft"":302,""middle"":446,""inTarget"":false}",0.44338235294117645,0.018376722817764167,541.0,1.1148232738736226,1.1148232738736226,20170313184736,"Mon, 13 Mar 2017 18:47:36 +0100","Mozilla/5.0 (Windows NT 6.0) AppleWebKit/537.36 (KHTML, like Gecko) Chrome/49.0.2623.112 Safari/537.36",1360x768,1360x653,1343x1428,4dlc2pejnf86d8ch7qvsuknuk4-dd-top_right,4dlc2pejnf86d8ch7qvsuknuk4,0,1
0,1489427358191,587,150,mousemove,//*[@id='rso']/div/div[1]/div/div/div/div[1],{},"{""topRight"":658,""topLeft"":208,""bottomRight"":664,""bottomLeft"":226,""middle"":431,""inTarget"":false}",0.43161764705882355,0.22970903522205208,600.0,0.23154073315749676,-0.8832825407161258,20170313184736,"Mon, 13 Mar 2017 18:47:36 +0100","Mozilla/5.0 (Windows NT 6.0) AppleWebKit/537.36 (KHTML, like Gecko) Chrome/49.0.2623.112 Safari/537.36",1360x768,1360x653,1343x1428,4dlc2pejnf86d8ch7qvsuknuk4-dd-top_right,4dlc2pejnf86d8ch7qvsuknuk4,0,1
0,1489427358599,525,172,mousemove,//*[@id='rso']/div/div[1]/div/div/div/span,{},"{""topRight"":722,""topLeft"":273,""bottomRight"":723,""bottomLeft"":276,""middle"":492,""inTarget"":false}",0.3860294117647059,0.26339969372128635,408.0,0.1612439627784169,-0.07029677037907986,20170313184736,"Mon, 13 Mar 2017 18:47:36 +0100","Mozilla/5.0 (Windows NT 6.0) AppleWebKit/537.36 (KHTML, like Gecko) Chrome/49.0.2623.112 Safari/537.36",1360x768,1360x653,1343x1428,4dlc2pejnf86d8ch7qvsuknuk4-dd-top_right,4dlc2pejnf86d8ch7qvsuknuk4,0,1
0,1489427358761,455,176,mousemove,//*[@id='rso']/div/div[1]/div/div/div/span,{},"{""topRight"":792,""topLeft"":342,""bottomRight"":792,""bottomLeft"":343,""middle"":562,""inTarget"":false}",0.33455882352941174,0.26952526799387444,162.0,0.4328036578508174,0.2715596950724005,20170313184736,"Mon, 13 Mar 2017 18:47:36 +0100","Mozilla/5.0 (Windows NT 6.0) AppleWebKit/537.36 (KHTML, like Gecko) Chrome/49.0.2623.112 Safari/537.36",1360x768,1360x653,1343x1428,4dlc2pejnf86d8ch7qvsuknuk4-dd-top_right,4dlc2pejnf86d8ch7qvsuknuk4,0,1
0,1489427358913,409,126,mousemove,//*[@id='rso']/div/div[1]/div/h3/a,{},"{""topRight"":835,""topLeft"":382,""bottomRight"":844,""bottomLeft"":400,""middle"":610,""inTarget"":false}",0.30073529411764705,0.19295558958652373,152.0,0.44698125661744814,0.014177598766630717,20170313184736,"Mon, 13 Mar 2017 18:47:36 +0100","Mozilla/5.0 (Windows NT 6.0) AppleWebKit/537.36 (KHTML, like Gecko) Chrome/49.0.2623.112 Safari/537.36",1360x768,1360x653,1343x1428,4dlc2pejnf86d8ch7qvsuknuk4-dd-top_right,4dlc2pejnf86d8ch7qvsuknuk4,0,1
0,1489427359287,404,112,mousemove,//*[@id='center_col'],{},"{""topRight"":840,""topLeft"":386,""bottomRight"":851,""bottomLeft"":410,""middle"":616,""inTarget"":false}",0.29705882352941176,0.17151607963246554,374.0,0.03974884691796392,-0.4072324096994842,20170313184736,"Mon, 13 Mar 2017 18:47:36 +0100","Mozilla/5.0 (Windows NT 6.0) AppleWebKit/537.36 (KHTML, like Gecko) Chrome/49.0.2623.112 Safari/537.36",1360x768,1360x653,1343x1428,4dlc2pejnf86d8ch7qvsuknuk4-dd-top_right,4dlc2pejnf86d8ch7qvsuknuk4,0,1
0,1489427360319,402,119,mousemove,//*[@id='rso']/div/div[1]/div/h3/a,{},"{""topRight"":842,""topLeft"":388,""bottomRight"":852,""bottomLeft"":409,""middle"":618,""inTarget"":false}",0.29558823529411765,0.18223583460949463,1032.0,0.00705437004775244,-0.03269447687021148,20170313184736,"Mon, 13 Mar 2017 18:47:36 +0100","Mozilla/5.0 (Windows NT 6.0) AppleWebKit/537.36 (KHTML, like Gecko) Chrome/49.0.2623.112 Safari/537.36",1360x768,1360x653,1343x1428,4dlc2pejnf86d8ch7qvsuknuk4-dd-top_right,4dlc2pejnf86d8ch7qvsuknuk4,0,1
0,1489427360477,399,180,mousemove,//*[@id='rso']/div/div[1]/div/div/div/span,{},"{""topRight"":848,""topLeft"":398,""bottomRight"":848,""bottomLeft"":397,""middle"":618,""inTarget"":false}",0.2933823529411765,0.27565084226646247,158.0,0.3865425692304423,0.37948819918268983,20170313184736,"Mon, 13 Mar 2017 18:47:36 +0100","Mozilla/5.0 (Windows NT 6.0) AppleWebKit/537.36 (KHTML, like Gecko) Chrome/49.0.2623.112 Safari/537.36",1360x768,1360x653,1343x1428,4dlc2pejnf86d8ch7qvsuknuk4-dd-top_right,4dlc2pejnf86d8ch7qvsuknuk4,0,1
0,1489427360627,394,198,mousemove,//*[@id='rso']/div/div[1]/div/div/div/div[2],{},"{""topRight"":855,""topLeft"":407,""bottomRight"":852,""bottomLeft"":399,""middle"":623,""inTarget"":false}",0.2897058823529412,0.30321592649310875,150.0,0.12454361128179604,-0.26199895794864625,20170313184736,"Mon, 13 Mar 2017 18:47:36 +0100","Mozilla/5.0 (Windows NT 6.0) AppleWebKit/537.36 (KHTML, like Gecko) Chrome/49.0.2623.112 Safari/537.36",1360x768,1360x653,1343x1428,4dlc2pejnf86d8ch7qvsuknuk4-dd-top_right,4dlc2pejnf86d8ch7qvsuknuk4,0,1
0,1489427360777,389,213,mousemove,//*[@id='rso']/div,{},"{""topRight"":862,""topLeft"":415,""bottomRight"":856,""bottomLeft"":403,""middle"":629,""inTarget"":false}",0.28602941176470587,0.32618683001531396,150.0,0.10540925533894598,-0.019134355942850068,20170313184736,"Mon, 13 Mar 2017 18:47:36 +0100","Mozilla/5.0 (Windows NT 6.0) AppleWebKit/537.36 (KHTML, like Gecko) Chrome/49.0.2623.112 Safari/537.36",1360x768,1360x653,1343x1428,4dlc2pejnf86d8ch7qvsuknuk4-dd-top_right,4dlc2pejnf86d8ch7qvsuknuk4,0,1
0,1489427360927,382,235,mousemove,//*[@id='rso']/div/div[2]/div/h3,{},"{""topRight"":872,""topLeft"":428,""bottomRight"":862,""bottomLeft"":408,""middle"":638,""inTarget"":false}",0.28088235294117647,0.35987748851454826,150.0,0.15391195174153594,0.04850269640258996,20170313184736,"Mon, 13 Mar 2017 18:47:36 +0100","Mozilla/5.0 (Windows NT 6.0) AppleWebKit/537.36 (KHTML, like Gecko) Chrome/49.0.2623.112 Safari/537.36",1360x768,1360x653,1343x1428,4dlc2pejnf86d8ch7qvsuknuk4-dd-top_right,4dlc2pejnf86d8ch7qvsuknuk4,0,1
0,1489427361077,372,263,mousemove,//*[@id='rso']/div/div[2]/div/div/div/div/cite/b[2],{},"{""topRight"":886,""topLeft"":447,""bottomRight"":872,""bottomLeft"":418,""middle"":651,""inTarget"":false}",0.2735294117647059,0.40275650842266464,150.0,0.19821424996424675,0.04430229822271081,20170313184736,"Mon, 13 Mar 2017 18:47:36 +0100","Mozilla/5.0 (Windows NT 6.0) AppleWebKit/537.36 (KHTML, like Gecko) Chrome/49.0.2623.112 Safari/537.36",1360x768,1360x653,1343x1428,4dlc2pejnf86d8ch7qvsuknuk4-dd-top_right,4dlc2pejnf86d8ch7qvsuknuk4,0,1
0,1489427361227,360,291,mousemove,//*[@id='rso']/div/div[2]/div/div/div/span,{},"{""topRight"":903,""topLeft"":468,""bottomRight"":885,""bottomLeft"":432,""middle"":667,""inTarget"":false}",0.2647058823529412,0.445635528330781,150.0,0.20308728282303756,0.004873032858790816,20170313184736,"Mon, 13 Mar 2017 18:47:36 +0100","Mozilla/5.0 (Windows NT 6.0) AppleWebKit/537.36 (KHTML, like Gecko) Chrome/49.0.2623.112 Safari/537.36",1360x768,1360x653,1343x1428,4dlc2pejnf86d8ch7qvsuknuk4-dd-top_right,4dlc2pejnf86d8ch7qvsuknuk4,0,1
0,1489427361377,358,307,mousemove,//*[@id='rso']/div,{},"{""topRight"":909,""topLeft"":476,""bottomRight"":888,""bottomLeft"":436,""middle"":672,""inTarget"":false}",0.26323529411764707,0.47013782542113325,150.0,0.10749676997731399,-0.09559051284572358,20170313184736,"Mon, 13 Mar 2017 18:47:36 +0100","Mozilla/5.0 (Windows NT 6.0) AppleWebKit/537.36 (KHTML, like Gecko) Chrome/49.0.2623.112 Safari/537.36",1360x768,1360x653,1343x1428,4dlc2pejnf86d8ch7qvsuknuk4-dd-top_right,4dlc2pejnf86d8ch7qvsuknuk4,0,1
0,1489427361527,356,329,mousemove,//*[@id='rso']/div/div[3]/div/h3/a,{},"{""topRight"":916,""topLeft"":488,""bottomRight"":892,""bottomLeft"":441,""middle"":678,""inTarget"":false}",0.26176470588235295,0.5038284839203675,150.0,0.14727148022916348,0.03977471025184949,20170313184736,"Mon, 13 Mar 2017 18:47:36 +0100","Mozilla/5.0 (Windows NT 6.0) AppleWebKit/537.36 (KHTML, like Gecko) Chrome/49.0.2623.112 Safari/537.36",1360x768,1360x653,1343x1428,4dlc2pejnf86d8ch7qvsuknuk4-dd-top_right,4dlc2pejnf86d8ch7qvsuknuk4,0,1
0,1489427362199,354,335,mousedown,//*[@id='rso']/div/div[3]/div/h3/a,{},"{""topRight"":919,""topLeft"":492,""bottomRight"":894,""bottomLeft"":444,""middle"":681,""inTarget"":false}",0.26029411764705884,0.5130168453292496,672.0,0.009411540655263034,-0.13785993957390044,20170313184736,"Mon, 13 Mar 2017 18:47:36 +0100","Mozilla/5.0 (Windows NT 6.0) AppleWebKit/537.36 (KHTML, like Gecko) Chrome/49.0.2623.112 Safari/537.36",1360x768,1360x653,1343x1428,4dlc2pejnf86d8ch7qvsuknuk4-dd-top_right,4dlc2pejnf86d8ch7qvsuknuk4,0,1
0,1489427362311,354,335,mouseup,//*[@id='rso']/div/div[3]/div/h3/a,{},"{""topRight"":919,""topLeft"":492,""bottomRight"":894,""bottomLeft"":444,""middle"":681,""inTarget"":false}",0.26029411764705884,0.5130168453292496,112.0,0.0,-0.009411540655263034,20170313184736,"Mon, 13 Mar 2017 18:47:36 +0100","Mozilla/5.0 (Windows NT 6.0) AppleWebKit/537.36 (KHTML, like Gecko) Chrome/49.0.2623.112 Safari/537.36",1360x768,1360x653,1343x1428,4dlc2pejnf86d8ch7qvsuknuk4-dd-top_right,4dlc2pejnf86d8ch7qvsuknuk4,0,1
0,1489427362312,354,335,click,//*[@id='rso']/div/div[3]/div/h3/a,{},"{""topRight"":919,""topLeft"":492,""bottomRight"":894,""bottomLeft"":444,""middle"":681,""inTarget"":false}",0.26029411764705884,0.5130168453292496,1.0,0.0,0.0,20170313184736,"Mon, 13 Mar 2017 18:47:36 +0100","Mozilla/5.0 (Windows NT 6.0) AppleWebKit/537.36 (KHTML, like Gecko) Chrome/49.0.2623.112 Safari/537.36",1360x768,1360x653,1343x1428,4dlc2pejnf86d8ch7qvsuknuk4-dd-top_right,4dlc2pejnf86d8ch7qvsuknuk4,0,1
0,1489427362316,0,0,beforeunload,/,{},{},0.0,0.0,4.0,121.84544513439967,121.84544513439967,20170313184736,"Mon, 13 Mar 2017 18:47:36 +0100","Mozilla/5.0 (Windows NT 6.0) AppleWebKit/537.36 (KHTML, like Gecko) Chrome/49.0.2623.112 Safari/537.36",1360x768,1360x653,1343x1428,4dlc2pejnf86d8ch7qvsuknuk4-dd-top_right,4dlc2pejnf86d8ch7qvsuknuk4,0,1
0,1489427362336,354,335,mousedown,//*[@id='rso']/div/div[3]/div/h3/a,{},"{""topRight"":919,""topLeft"":492,""bottomRight"":894,""bottomLeft"":444,""middle"":681,""inTarget"":false}",0.26029411764705884,0.5130168453292496,20.0,24.369089026879934,-97.47635610751973,20170313184736,"Mon, 13 Mar 2017 18:47:36 +0100","Mozilla/5.0 (Windows NT 6.0) AppleWebKit/537.36 (KHTML, like Gecko) Chrome/49.0.2623.112 Safari/537.36",1360x768,1360x653,1343x1428,4dlc2pejnf86d8ch7qvsuknuk4-dd-top_right,4dlc2pejnf86d8ch7qvsuknuk4,0,1
0,1489427362412,0,0,unload,/,{},{},0.0,0.0,76.0,6.412918164968404,-17.95617086191153,20170313184736,"Mon, 13 Mar 2017 18:47:36 +0100","Mozilla/5.0 (Windows NT 6.0) AppleWebKit/537.36 (KHTML, like Gecko) Chrome/49.0.2623.112 Safari/537.36",1360x768,1360x653,1343x1428,4dlc2pejnf86d8ch7qvsuknuk4-dd-top_right,4dlc2pejnf86d8ch7qvsuknuk4,0,1
