cursor,timestamp,xpos,ypos,event,xpath,attrs,extras,xpos_scaled,ypos_scaled,timestamp_diff,speed,acceleration,log_id,date,ua,screen,window,document,task,user_id,ad_clicked,attention
0,1537484001867,0,0,load,/,{},{},0.0,0.0,1.0,0.0,0.0,20180921005037,"Fri, 21 Sep 2018 00:50:37 +0200","Mozilla/5.0 (Windows NT 6.3; Win64; x64) AppleWebKit/537.36 (KHTML, like Gecko) Chrome/56.0.2924.87 Safari/537.36",1366x768,1366x672,1349x1843,r8s2rp3mp3bsinvupi8sd4pd76-dd-top_right,r8s2rp3mp3bsinvupi8sd4pd76,0,4
0,1537484010376,448,121,mousemove,//*[@id='rso']/div[1]/div/h3/a,{},"{""topRight"":796,""topLeft"":342,""bottomRight"":880,""bottomLeft"":508,""middle"":597,""inTarget"":false}",0.3279648609077599,0.1800595238095238,8509.0,0.05453670216478383,0.05453670216478383,20180921005037,"Fri, 21 Sep 2018 00:50:37 +0200","Mozilla/5.0 (Windows NT 6.3; Win64; x64) AppleWebKit/537.36 (KHTML, like Gecko) Chrome/56.0.2924.87 Safari/537.36",1366x768,1366x672,1349x1843,r8s2rp3mp3bsinvupi8sd4pd76-dd-top_right,r8s2rp3mp3bsinvupi8sd4pd76,0,4
0,1537484013289,0,0,blur,/,{},{},0.0,0.0,2913.0,0.1593040846962395,0.10476738253145566,20180921005037,"Fri, 21 Sep 2018 00:50:37 +0200","Mozilla/5.0 (Windows NT 6.3; Win64; x64) AppleWebKit/537.36 (KHTML, like Gecko) Chrome/56.0.2924.87 Safari/537.36",1366x768,1366x672,1349x1843,r8s2rp3mp3bsinvupi8sd4pd76-dd-top_right,r8s2rp3mp3bsinvupi8sd4pd76,0,4
0,1537484034116,0,0,focus,/,{},{},0.0,0.0,20827.0,0.0,-0.1593040846962395,20180921005037,"Fri, 21 Sep 2018 00:50:37 +0200","Mozilla/5.0 (Windows NT 6.3; Win64; x64) AppleWebKit/537.36 (KHTML, like Gecko) Chrome/56.0.2924.87 Safari/537.36",1366x768,1366x672,1349x1843,r8s2rp3mp3bsinvupi8sd4pd76-dd-top_right,r8s2rp3mp3bsinvupi8sd4pd76,0,4
0,1537484034433,670,20,mouseover,//*[@id='lst-ib'],{},"{""topRight"":580,""topLeft"":148,""bottomRight"":746,""bottomLeft"":491,""middle"":447,""inTarget"":false}",0.4904831625183016,0.02976190476190476,317.0,2.114506123011848,2.114506123011848,20180921005037,"Fri, 21 Sep 2018 00:50:37 +0200","Mozilla/5.0 (Windows NT 6.3; Win64; x64) AppleWebKit/537.36 (KHTML, like Gecko) Chrome/56.0.2924.87 Safari/537.36",1366x768,1366x672,1349x1843,r8s2rp3mp3bsinvupi8sd4pd76-dd-top_right,r8s2rp3mp3bsinvupi8sd4pd76,0,4
0,1537484034619,502,200,mousemove,//*[@id='rso']/div[1]/div/div/div/div[2],{},"{""topRight"":748,""topLeft"":303,""bottomRight"":799,""bottomLeft"":413,""middle"":525,""inTarget"":false}",0.36749633967789164,0.2976190476190476,186.0,1.323760292173109,-0.7907458308387387,20180921005037,"Fri, 21 Sep 2018 00:50:37 +0200","Mozilla/5.0 (Windows NT 6.3; Win64; x64) AppleWebKit/537.36 (KHTML, like Gecko) Chrome/56.0.2924.87 Safari/537.36",1366x768,1366x672,1349x1843,r8s2rp3mp3bsinvupi8sd4pd76-dd-top_right,r8s2rp3mp3bsinvupi8sd4pd76,0,4
0,1537484034776,491,200,mouseover,//*[@id='rso']/div[1]/div/div/div/div[2]/a[3],{},"{""topRight"":759,""topLeft"":313,""bottomRight"":809,""bottomLeft"":421,""middle"":536,""inTarget"":false}",0.3594436310395315,0.2976190476190476,157.0,0.07006369426751592,-1.2536965979055932,20180921005037,"Fri, 21 Sep 2018 00:50:37 +0200","Mozilla/5.0 (Windows NT 6.3; Win64; x64) AppleWebKit/537.36 (KHTML, like Gecko) Chrome/56.0.2924.87 Safari/537.36",1366x768,1366x672,1349x1843,r8s2rp3mp3bsinvupi8sd4pd76-dd-top_right,r8s2rp3mp3bsinvupi8sd4pd76,0,4
0,1537484034928,465,195,mousemove,//*[@id='rso']/div[1]/div/div/div/div[2]/a[3],{},"{""topRight"":784,""topLeft"":337,""bottomRight"":835,""bottomLeft"":443,""middle"":562,""inTarget"":false}",0.3404099560761347,0.29017857142857145,152.0,0.17418687230097007,0.10412317803345415,20180921005037,"Fri, 21 Sep 2018 00:50:37 +0200","Mozilla/5.0 (Windows NT 6.3; Win64; x64) AppleWebKit/537.36 (KHTML, like Gecko) Chrome/56.0.2924.87 Safari/537.36",1366x768,1366x672,1349x1843,r8s2rp3mp3bsinvupi8sd4pd76-dd-top_right,r8s2rp3mp3bsinvupi8sd4pd76,0,4
0,1537484035092,444,189,mousemove,//*[@id='rso']/div[1]/div/div/div/div[2]/a[3],{},"{""topRight"":804,""topLeft"":356,""bottomRight"":857,""bottomLeft"":463,""middle"":584,""inTarget"":false}",0.32503660322108346,0.28125,164.0,0.13317274187708264,-0.041014130423887435,20180921005037,"Fri, 21 Sep 2018 00:50:37 +0200","Mozilla/5.0 (Windows NT 6.3; Win64; x64) AppleWebKit/537.36 (KHTML, like Gecko) Chrome/56.0.2924.87 Safari/537.36",1366x768,1366x672,1349x1843,r8s2rp3mp3bsinvupi8sd4pd76-dd-top_right,r8s2rp3mp3bsinvupi8sd4pd76,0,4
0,1537484035243,358,197,mousemove,//*[@id='rso']/div[1]/div/div/div/div[2]/a[3],{},"{""topRight"":891,""topLeft"":441,""bottomRight"":935,""bottomLeft"":525,""middle"":667,""inTarget"":false}",0.26207906295754024,0.2931547619047619,151.0,0.5719953081242168,0.4388225662471342,20180921005037,"Fri, 21 Sep 2018 00:50:37 +0200","Mozilla/5.0 (Windows NT 6.3; Win64; x64) AppleWebKit/537.36 (KHTML, like Gecko) Chrome/56.0.2924.87 Safari/537.36",1366x768,1366x672,1349x1843,r8s2rp3mp3bsinvupi8sd4pd76-dd-top_right,r8s2rp3mp3bsinvupi8sd4pd76,0,4
0,1537484035441,332,193,mousemove,//*[@id='rso']/div[1]/div/div/div/div[2]/a[3],{},"{""topRight"":916,""topLeft"":466,""bottomRight"":961,""bottomLeft"":549,""middle"":693,""inTarget"":false}",0.2430453879941435,0.28720238095238093,198.0,0.13285804482793845,-0.4391372632962784,20180921005037,"Fri, 21 Sep 2018 00:50:37 +0200","Mozilla/5.0 (Windows NT 6.3; Win64; x64) AppleWebKit/537.36 (KHTML, like Gecko) Chrome/56.0.2924.87 Safari/537.36",1366x768,1366x672,1349x1843,r8s2rp3mp3bsinvupi8sd4pd76-dd-top_right,r8s2rp3mp3bsinvupi8sd4pd76,0,4
0,1537484035641,317,190,mousemove,//*[@id='rso']/div[1]/div/div/div/div[2]/a[3],{},"{""topRight"":931,""topLeft"":480,""bottomRight"":976,""bottomLeft"":563,""middle"":709,""inTarget"":false}",0.23206442166910687,0.28273809523809523,200.0,0.07648529270389177,-0.056372752124046674,20180921005037,"Fri, 21 Sep 2018 00:50:37 +0200","Mozilla/5.0 (Windows NT 6.3; Win64; x64) AppleWebKit/537.36 (KHTML, like Gecko) Chrome/56.0.2924.87 Safari/537.36",1366x768,1366x672,1349x1843,r8s2rp3mp3bsinvupi8sd4pd76-dd-top_right,r8s2rp3mp3bsinvupi8sd4pd76,0,4
0,1537484035792,348,207,mouseover,//*[@id='rso'],{},"{""topRight"":902,""topLeft"":453,""bottomRight"":941,""bottomLeft"":528,""middle"":676,""inTarget"":false}",0.2547584187408492,0.3080357142857143,151.0,0.23414131827369125,0.15765602556979946,20180921005037,"Fri, 21 Sep 2018 00:50:37 +0200","Mozilla/5.0 (Windows NT 6.3; Win64; x64) AppleWebKit/537.36 (KHTML, like Gecko) Chrome/56.0.2924.87 Safari/537.36",1366x768,1366x672,1349x1843,r8s2rp3mp3bsinvupi8sd4pd76-dd-top_right,r8s2rp3mp3bsinvupi8sd4pd76,0,4
0,1537484035974,0,0,scroll,/,{},{},0.0,0.0,182.0,2.2247862711777966,1.9906449529041053,20180921005037,"Fri, 21 Sep 2018 00:50:37 +0200","Mozilla/5.0 (Windows NT 6.3; Win64; x64) AppleWebKit/537.36 (KHTML, like Gecko) Chrome/56.0.2924.87 Safari/537.36",1366x768,1366x672,1349x1843,r8s2rp3mp3bsinvupi8sd4pd76-dd-top_right,r8s2rp3mp3bsinvupi8sd4pd76,0,4
0,1537484036244,348,312,mouseover,//*[@id='nmtbi2']/div[2]/div,{},"{""topRight"":919,""topLeft"":488,""bottomRight"":915,""bottomLeft"":479,""middle"":669,""inTarget"":false}",0.2547584187408492,0.4642857142857143,270.0,1.7310526305911509,-0.4937336405866457,20180921005037,"Fri, 21 Sep 2018 00:50:37 +0200","Mozilla/5.0 (Windows NT 6.3; Win64; x64) AppleWebKit/537.36 (KHTML, like Gecko) Chrome/56.0.2924.87 Safari/537.36",1366x768,1366x672,1349x1843,r8s2rp3mp3bsinvupi8sd4pd76-dd-top_right,r8s2rp3mp3bsinvupi8sd4pd76,0,4
0,1537484036508,350,316,mousemove,//*[@id='nmtbi2']/div[2]/div,{},"{""topRight"":918,""topLeft"":488,""bottomRight"":912,""bottomLeft"":475,""middle"":667,""inTarget"":false}",0.2562225475841874,0.47023809523809523,264.0,0.016939908920452953,-1.714112721670698,20180921005037,"Fri, 21 Sep 2018 00:50:37 +0200","Mozilla/5.0 (Windows NT 6.3; Win64; x64) AppleWebKit/537.36 (KHTML, like Gecko) Chrome/56.0.2924.87 Safari/537.36",1366x768,1366x672,1349x1843,r8s2rp3mp3bsinvupi8sd4pd76-dd-top_right,r8s2rp3mp3bsinvupi8sd4pd76,0,4
0,1537484036658,354,385,mouseover,//*[@id='nmtbi6'],{},"{""topRight"":933,""topLeft"":518,""bottomRight"":897,""bottomLeft"":450,""middle"":668,""inTarget"":false}",0.2591508052708638,0.5729166666666666,150.0,0.46077229855006596,0.443832389629613,20180921005037,"Fri, 21 Sep 2018 00:50:37 +0200","Mozilla/5.0 (Windows NT 6.3; Win64; x64) AppleWebKit/537.36 (KHTML, like Gecko) Chrome/56.0.2924.87 Safari/537.36",1366x768,1366x672,1349x1843,r8s2rp3mp3bsinvupi8sd4pd76-dd-top_right,r8s2rp3mp3bsinvupi8sd4pd76,0,4
0,1537484036808,344,429,mousemove,//*[@id='rso'],{},"{""topRight"":956,""topLeft"":551,""bottomRight"":902,""bottomLeft"":451,""middle"":685,""inTarget"":false}",0.2518301610541728,0.6383928571428571,150.0,0.3008137112714261,-0.15995858727863987,20180921005037,"Fri, 21 Sep 2018 00:50:37 +0200","Mozilla/5.0 (Windows NT 6.3; Win64; x64) AppleWebKit/537.36 (KHTML, like Gecko) Chrome/56.0.2924.87 Safari/537.36",1366x768,1366x672,1349x1843,r8s2rp3mp3bsinvupi8sd4pd76-dd-top_right,r8s2rp3mp3bsinvupi8sd4pd76,0,4
0,1537484037075,338,434,mousemove,//*[@id='rso'],{},"{""topRight"":964,""topLeft"":558,""bottomRight"":908,""bottomLeft"":456,""middle"":692,""inTarget"":false}",0.24743777452415813,0.6458333333333334,267.0,0.029251871445343275,-0.27156183982608284,20180921005037,"Fri, 21 Sep 2018 00:50:37 +0200","Mozilla/5.0 (Windows NT 6.3; Win64; x64) AppleWebKit/537.36 (KHTML, like Gecko) Chrome/56.0.2924.87 Safari/537.36",1366x768,1366x672,1349x1843,r8s2rp3mp3bsinvupi8sd4pd76-dd-top_right,r8s2rp3mp3bsinvupi8sd4pd76,0,4
0,1537484037227,341,444,mouseover,//*[@id='rso']/div[3]/div/h3/a,{},"{""topRight"":964,""topLeft"":562,""bottomRight"":904,""bottomLeft"":452,""middle"":691,""inTarget"":false}",0.24963396778916544,0.6607142857142857,152.0,0.06868622703230626,0.03943435558696298,20180921005037,"Fri, 21 Sep 2018 00:50:37 +0200","Mozilla/5.0 (Windows NT 6.3; Win64; x64) AppleWebKit/537.36 (KHTML, like Gecko) Chrome/56.0.2924.87 Safari/537.36",1366x768,1366x672,1349x1843,r8s2rp3mp3bsinvupi8sd4pd76-dd-top_right,r8s2rp3mp3bsinvupi8sd4pd76,0,4
0,1537484037426,344,448,mousemove,//*[@id='rso']/div[3]/div/h3/a,{},"{""topRight"":963,""topLeft"":562,""bottomRight"":901,""bottomLeft"":449,""middle"":689,""inTarget"":false}",0.2518301610541728,0.6666666666666666,199.0,0.02512562814070352,-0.04356059889160274,20180921005037,"Fri, 21 Sep 2018 00:50:37 +0200","Mozilla/5.0 (Windows NT 6.3; Win64; x64) AppleWebKit/537.36 (KHTML, like Gecko) Chrome/56.0.2924.87 Safari/537.36",1366x768,1366x672,1349x1843,r8s2rp3mp3bsinvupi8sd4pd76-dd-top_right,r8s2rp3mp3bsinvupi8sd4pd76,0,4
0,1537484038215,345,448,mousedown,//*[@id='rso']/div[3]/div/h3/a,{},"{""topRight"":962,""topLeft"":561,""bottomRight"":900,""bottomLeft"":448,""middle"":688,""inTarget"":false}",0.2525622254758419,0.6666666666666666,789.0,0.0012674271229404308,-0.02385820101776309,20180921005037,"Fri, 21 Sep 2018 00:50:37 +0200","Mozilla/5.0 (Windows NT 6.3; Win64; x64) AppleWebKit/537.36 (KHTML, like Gecko) Chrome/56.0.2924.87 Safari/537.36",1366x768,1366x672,1349x1843,r8s2rp3mp3bsinvupi8sd4pd76-dd-top_right,r8s2rp3mp3bsinvupi8sd4pd76,0,4
0,1537484038407,345,448,mouseup,//*[@id='rso']/div[3]/div/h3/a,{},"{""topRight"":962,""topLeft"":561,""bottomRight"":900,""bottomLeft"":448,""middle"":688,""inTarget"":false}",0.2525622254758419,0.6666666666666666,192.0,0.0,-0.0012674271229404308,20180921005037,"Fri, 21 Sep 2018 00:50:37 +0200","Mozilla/5.0 (Windows NT 6.3; Win64; x64) AppleWebKit/537.36 (KHTML, like Gecko) Chrome/56.0.2924.87 Safari/537.36",1366x768,1366x672,1349x1843,r8s2rp3mp3bsinvupi8sd4pd76-dd-top_right,r8s2rp3mp3bsinvupi8sd4pd76,0,4
0,1537484038408,345,448,click,//*[@id='rso']/div[3]/div/h3/a,{},"{""topRight"":962,""topLeft"":561,""bottomRight"":900,""bottomLeft"":448,""middle"":688,""inTarget"":false}",0.2525622254758419,0.6666666666666666,1.0,0.0,0.0,20180921005037,"Fri, 21 Sep 2018 00:50:37 +0200","Mozilla/5.0 (Windows NT 6.3; Win64; x64) AppleWebKit/537.36 (KHTML, like Gecko) Chrome/56.0.2924.87 Safari/537.36",1366x768,1366x672,1349x1843,r8s2rp3mp3bsinvupi8sd4pd76-dd-top_right,r8s2rp3mp3bsinvupi8sd4pd76,0,4
0,1537484038409,0,0,beforeunload,/,{},{},0.0,0.0,1.0,565.4458417921207,565.4458417921207,20180921005037,"Fri, 21 Sep 2018 00:50:37 +0200","Mozilla/5.0 (Windows NT 6.3; Win64; x64) AppleWebKit/537.36 (KHTML, like Gecko) Chrome/56.0.2924.87 Safari/537.36",1366x768,1366x672,1349x1843,r8s2rp3mp3bsinvupi8sd4pd76-dd-top_right,r8s2rp3mp3bsinvupi8sd4pd76,0,4
0,1537484039234,0,0,unload,/,{},{},0.0,0.0,825.0,0.0,-565.4458417921207,20180921005037,"Fri, 21 Sep 2018 00:50:37 +0200","Mozilla/5.0 (Windows NT 6.3; Win64; x64) AppleWebKit/537.36 (KHTML, like Gecko) Chrome/56.0.2924.87 Safari/537.36",1366x768,1366x672,1349x1843,r8s2rp3mp3bsinvupi8sd4pd76-dd-top_right,r8s2rp3mp3bsinvupi8sd4pd76,0,4
