cursor,timestamp,xpos,ypos,event,xpath,attrs,extras,xpos_scaled,ypos_scaled,timestamp_diff,speed,acceleration,log_id,date,ua,screen,window,document,task,user_id,ad_clicked,attention
0,1538486683405,0,0,load,/,{},{},0.0,0.0,1.0,0.0,0.0,20181002152141,"Tue, 02 Oct 2018 15:21:41 +0200","Mozilla/5.0 (Windows NT 10.0; Win64; x64) AppleWebKit/537.36 (KHTML, like Gecko) Chrome/69.0.3497.100 Safari/537.36",1366x768,1366x626,1349x1806,74u6903i8btgestu99730u4057-native-top_left,74u6903i8btgestu99730u4057,1,1
0,1538486683704,437,157,mousemove,//*[@id='tads']/ol/li/div[2],{},"{""topRight"":312,""topLeft"":314,""bottomRight"":313,""bottomLeft"":315,""middle"":3,""inTarget"":true}",0.31991215226939973,0.2507987220447284,299.0,1.55299950875373,1.55299950875373,20181002152141,"Tue, 02 Oct 2018 15:21:41 +0200","Mozilla/5.0 (Windows NT 10.0; Win64; x64) AppleWebKit/537.36 (KHTML, like Gecko) Chrome/69.0.3497.100 Safari/537.36",1366x768,1366x626,1349x1806,74u6903i8btgestu99730u4057-native-top_left,74u6903i8btgestu99730u4057,1,1
0,1538486683869,473,148,mouseover,//*[@id='tads']/ol/li/div[1],{},"{""topRight"":275,""topLeft"":348,""bottomRight"":280,""bottomLeft"":352,""middle"":39,""inTarget"":true}",0.3462664714494876,0.2364217252396166,165.0,0.22489667048823603,-1.328102838265494,20181002152141,"Tue, 02 Oct 2018 15:21:41 +0200","Mozilla/5.0 (Windows NT 10.0; Win64; x64) AppleWebKit/537.36 (KHTML, like Gecko) Chrome/69.0.3497.100 Safari/537.36",1366x768,1366x626,1349x1806,74u6903i8btgestu99730u4057-native-top_left,74u6903i8btgestu99730u4057,1,1
0,1538486684339,478,147,mousemove,//*[@id='tads']/ol/li/div[1],{},"{""topRight"":270,""topLeft"":353,""bottomRight"":276,""bottomLeft"":357,""middle"":44,""inTarget"":true}",0.34992679355783307,0.23482428115015974,470.0,0.010848977688495286,-0.21404769279974073,20181002152141,"Tue, 02 Oct 2018 15:21:41 +0200","Mozilla/5.0 (Windows NT 10.0; Win64; x64) AppleWebKit/537.36 (KHTML, like Gecko) Chrome/69.0.3497.100 Safari/537.36",1366x768,1366x626,1349x1806,74u6903i8btgestu99730u4057-native-top_left,74u6903i8btgestu99730u4057,1,1
0,1538486684501,517,133,mousemove,//*[@id='tads']/ol/li/div[1],{},"{""topRight"":229,""topLeft"":390,""bottomRight"":243,""bottomLeft"":398,""middle"":85,""inTarget"":true}",0.3784773060029283,0.2124600638977636,162.0,0.25578209080371184,0.24493311311521654,20181002152141,"Tue, 02 Oct 2018 15:21:41 +0200","Mozilla/5.0 (Windows NT 10.0; Win64; x64) AppleWebKit/537.36 (KHTML, like Gecko) Chrome/69.0.3497.100 Safari/537.36",1366x768,1366x626,1349x1806,74u6903i8btgestu99730u4057-native-top_left,74u6903i8btgestu99730u4057,1,1
0,1538486685103,518,133,mousemove,//*[@id='tads']/ol/li/div[1],{},"{""topRight"":228,""topLeft"":391,""bottomRight"":242,""bottomLeft"":399,""middle"":86,""inTarget"":true}",0.37920937042459735,0.2124600638977636,602.0,0.0016611295681063123,-0.2541209612356055,20181002152141,"Tue, 02 Oct 2018 15:21:41 +0200","Mozilla/5.0 (Windows NT 10.0; Win64; x64) AppleWebKit/537.36 (KHTML, like Gecko) Chrome/69.0.3497.100 Safari/537.36",1366x768,1366x626,1349x1806,74u6903i8btgestu99730u4057-native-top_left,74u6903i8btgestu99730u4057,1,1
0,1538486685584,518,136,mousemove,//*[@id='tads']/ol/li/div[1],{},"{""topRight"":229,""topLeft"":392,""bottomRight"":241,""bottomLeft"":399,""middle"":85,""inTarget"":true}",0.37920937042459735,0.21725239616613418,481.0,0.006237006237006237,0.004575876668899925,20181002152141,"Tue, 02 Oct 2018 15:21:41 +0200","Mozilla/5.0 (Windows NT 10.0; Win64; x64) AppleWebKit/537.36 (KHTML, like Gecko) Chrome/69.0.3497.100 Safari/537.36",1366x768,1366x626,1349x1806,74u6903i8btgestu99730u4057-native-top_left,74u6903i8btgestu99730u4057,1,1
0,1538486686704,518,137,mousemove,//*[@id='tads']/ol/li/div[1],{},"{""topRight"":229,""topLeft"":392,""bottomRight"":240,""bottomLeft"":399,""middle"":85,""inTarget"":true}",0.37920937042459735,0.21884984025559107,1120.0,0.0008928571428571428,-0.005344149094149094,20181002152141,"Tue, 02 Oct 2018 15:21:41 +0200","Mozilla/5.0 (Windows NT 10.0; Win64; x64) AppleWebKit/537.36 (KHTML, like Gecko) Chrome/69.0.3497.100 Safari/537.36",1366x768,1366x626,1349x1806,74u6903i8btgestu99730u4057-native-top_left,74u6903i8btgestu99730u4057,1,1
0,1538486686866,0,0,scroll,/,{},{},0.0,0.0,162.0,3.30747284484964,3.306579987706783,20181002152141,"Tue, 02 Oct 2018 15:21:41 +0200","Mozilla/5.0 (Windows NT 10.0; Win64; x64) AppleWebKit/537.36 (KHTML, like Gecko) Chrome/69.0.3497.100 Safari/537.36",1366x768,1366x626,1349x1806,74u6903i8btgestu99730u4057-native-top_left,74u6903i8btgestu99730u4057,1,1
0,1538486687032,0,0,scroll,/,{},{},0.0,0.0,166.0,0.0,-3.30747284484964,20181002152141,"Tue, 02 Oct 2018 15:21:41 +0200","Mozilla/5.0 (Windows NT 10.0; Win64; x64) AppleWebKit/537.36 (KHTML, like Gecko) Chrome/69.0.3497.100 Safari/537.36",1366x768,1366x626,1349x1806,74u6903i8btgestu99730u4057-native-top_left,74u6903i8btgestu99730u4057,1,1
0,1538486687183,0,0,scroll,/,{},{},0.0,0.0,151.0,0.0,0.0,20181002152141,"Tue, 02 Oct 2018 15:21:41 +0200","Mozilla/5.0 (Windows NT 10.0; Win64; x64) AppleWebKit/537.36 (KHTML, like Gecko) Chrome/69.0.3497.100 Safari/537.36",1366x768,1366x626,1349x1806,74u6903i8btgestu99730u4057-native-top_left,74u6903i8btgestu99730u4057,1,1
0,1538486687368,516,547,mouseover,//*[@id='rso']/div[2]/div/div[2]/span,{},"{""topRight"":502,""topLeft"":592,""bottomRight"":399,""bottomLeft"":508,""middle"":396,""inTarget"":false}",0.37774524158125916,0.8738019169329073,185.0,4.064724695685623,4.064724695685623,20181002152141,"Tue, 02 Oct 2018 15:21:41 +0200","Mozilla/5.0 (Windows NT 10.0; Win64; x64) AppleWebKit/537.36 (KHTML, like Gecko) Chrome/69.0.3497.100 Safari/537.36",1366x768,1366x626,1349x1806,74u6903i8btgestu99730u4057-native-top_left,74u6903i8btgestu99730u4057,1,1
0,1538486688966,0,0,scroll,/,{},{},0.0,0.0,1598.0,0.4705720079485859,-3.594152687737037,20181002152141,"Tue, 02 Oct 2018 15:21:41 +0200","Mozilla/5.0 (Windows NT 10.0; Win64; x64) AppleWebKit/537.36 (KHTML, like Gecko) Chrome/69.0.3497.100 Safari/537.36",1366x768,1366x626,1349x1806,74u6903i8btgestu99730u4057-native-top_left,74u6903i8btgestu99730u4057,1,1
0,1538486689116,0,0,scroll,/,{},{},0.0,0.0,150.0,0.0,-0.4705720079485859,20181002152141,"Tue, 02 Oct 2018 15:21:41 +0200","Mozilla/5.0 (Windows NT 10.0; Win64; x64) AppleWebKit/537.36 (KHTML, like Gecko) Chrome/69.0.3497.100 Safari/537.36",1366x768,1366x626,1349x1806,74u6903i8btgestu99730u4057-native-top_left,74u6903i8btgestu99730u4057,1,1
0,1538486689269,486,178,mousemove,//*[@id='tads']/ol/li/div[3],{},"{""topRight"":270,""topLeft"":366,""bottomRight"":261,""bottomLeft"":360,""middle"":53,""inTarget"":true}",0.3557833089311859,0.28434504792332266,153.0,3.3828186348601306,3.3828186348601306,20181002152141,"Tue, 02 Oct 2018 15:21:41 +0200","Mozilla/5.0 (Windows NT 10.0; Win64; x64) AppleWebKit/537.36 (KHTML, like Gecko) Chrome/69.0.3497.100 Safari/537.36",1366x768,1366x626,1349x1806,74u6903i8btgestu99730u4057-native-top_left,74u6903i8btgestu99730u4057,1,1
0,1538486689433,341,228,mousemove,//*[@id='rso']/div[1]/div[1]/div/h3/a,{},"{""topRight"":423,""topLeft"":249,""bottomRight"":403,""bottomLeft"":213,""middle"":117,""inTarget"":false}",0.24963396778916544,0.36421725239616615,164.0,0.9352354664742664,-2.447583168385864,20181002152141,"Tue, 02 Oct 2018 15:21:41 +0200","Mozilla/5.0 (Windows NT 10.0; Win64; x64) AppleWebKit/537.36 (KHTML, like Gecko) Chrome/69.0.3497.100 Safari/537.36",1366x768,1366x626,1349x1806,74u6903i8btgestu99730u4057-native-top_left,74u6903i8btgestu99730u4057,1,1
0,1538486689584,290,170,mousemove,//*[@id='tads']/ol/li/div[3],{},"{""topRight"":459,""topLeft"":176,""bottomRight"":457,""bottomLeft"":169,""middle"":146,""inTarget"":true}",0.212298682284041,0.2715654952076677,151.0,0.5114795527059504,-0.423755913768316,20181002152141,"Tue, 02 Oct 2018 15:21:41 +0200","Mozilla/5.0 (Windows NT 10.0; Win64; x64) AppleWebKit/537.36 (KHTML, like Gecko) Chrome/69.0.3497.100 Safari/537.36",1366x768,1366x626,1349x1806,74u6903i8btgestu99730u4057-native-top_left,74u6903i8btgestu99730u4057,1,1
0,1538486689819,284,156,mousemove,//*[@id='tads']/ol/li/div[2],{},"{""topRight"":463,""topLeft"":166,""bottomRight"":464,""bottomLeft"":168,""middle"":152,""inTarget"":true}",0.20790629575402636,0.24920127795527156,235.0,0.06481509026267156,-0.4466644624432788,20181002152141,"Tue, 02 Oct 2018 15:21:41 +0200","Mozilla/5.0 (Windows NT 10.0; Win64; x64) AppleWebKit/537.36 (KHTML, like Gecko) Chrome/69.0.3497.100 Safari/537.36",1366x768,1366x626,1349x1806,74u6903i8btgestu99730u4057-native-top_left,74u6903i8btgestu99730u4057,1,1
0,1538486689985,284,113,mousemove,//*[@id='vs0p1c0'],{},"{""topRight"":460,""topLeft"":157,""bottomRight"":472,""bottomLeft"":189,""middle"":159,""inTarget"":true}",0.20790629575402636,0.1805111821086262,166.0,0.25903614457831325,0.19422105431564168,20181002152141,"Tue, 02 Oct 2018 15:21:41 +0200","Mozilla/5.0 (Windows NT 10.0; Win64; x64) AppleWebKit/537.36 (KHTML, like Gecko) Chrome/69.0.3497.100 Safari/537.36",1366x768,1366x626,1349x1806,74u6903i8btgestu99730u4057-native-top_left,74u6903i8btgestu99730u4057,1,1
0,1538486690303,284,96,mousemove,//*[@id='resultStats'],{},"{""topRight"":460,""topLeft"":156,""bottomRight"":476,""bottomLeft"":199,""middle"":165,""inTarget"":false}",0.20790629575402636,0.15335463258785942,318.0,0.05345911949685535,-0.20557702508145792,20181002152141,"Tue, 02 Oct 2018 15:21:41 +0200","Mozilla/5.0 (Windows NT 10.0; Win64; x64) AppleWebKit/537.36 (KHTML, like Gecko) Chrome/69.0.3497.100 Safari/537.36",1366x768,1366x626,1349x1806,74u6903i8btgestu99730u4057-native-top_left,74u6903i8btgestu99730u4057,1,1
0,1538486690620,284,106,mouseover,//*[@id='tads']/ol/li,{},"{""topRight"":460,""topLeft"":156,""bottomRight"":474,""bottomLeft"":193,""middle"":161,""inTarget"":true}",0.20790629575402636,0.16932907348242812,317.0,0.031545741324921134,-0.021913378171934214,20181002152141,"Tue, 02 Oct 2018 15:21:41 +0200","Mozilla/5.0 (Windows NT 10.0; Win64; x64) AppleWebKit/537.36 (KHTML, like Gecko) Chrome/69.0.3497.100 Safari/537.36",1366x768,1366x626,1349x1806,74u6903i8btgestu99730u4057-native-top_left,74u6903i8btgestu99730u4057,1,1
0,1538486690953,285,113,mousemove,//*[@id='vs0p1c0'],{},"{""topRight"":459,""topLeft"":158,""bottomRight"":471,""bottomLeft"":189,""middle"":158,""inTarget"":true}",0.20863836017569545,0.1805111821086262,333.0,0.021234437873469895,-0.010311303451451238,20181002152141,"Tue, 02 Oct 2018 15:21:41 +0200","Mozilla/5.0 (Windows NT 10.0; Win64; x64) AppleWebKit/537.36 (KHTML, like Gecko) Chrome/69.0.3497.100 Safari/537.36",1366x768,1366x626,1349x1806,74u6903i8btgestu99730u4057-native-top_left,74u6903i8btgestu99730u4057,1,1
0,1538486691153,285,116,mousemove,//*[@id='vs0p1c0'],{},"{""topRight"":459,""topLeft"":158,""bottomRight"":470,""bottomLeft"":188,""middle"":157,""inTarget"":true}",0.20863836017569545,0.1853035143769968,200.0,0.015,-0.006234437873469896,20181002152141,"Tue, 02 Oct 2018 15:21:41 +0200","Mozilla/5.0 (Windows NT 10.0; Win64; x64) AppleWebKit/537.36 (KHTML, like Gecko) Chrome/69.0.3497.100 Safari/537.36",1366x768,1366x626,1349x1806,74u6903i8btgestu99730u4057-native-top_left,74u6903i8btgestu99730u4057,1,1
0,1538486692897,286,116,mousedown,//*[@id='vs0p1c0'],{},"{""topRight"":458,""topLeft"":159,""bottomRight"":469,""bottomLeft"":189,""middle"":156,""inTarget"":true}",0.20937042459736457,0.1853035143769968,1744.0,0.0005733944954128441,-0.014426605504587155,20181002152141,"Tue, 02 Oct 2018 15:21:41 +0200","Mozilla/5.0 (Windows NT 10.0; Win64; x64) AppleWebKit/537.36 (KHTML, like Gecko) Chrome/69.0.3497.100 Safari/537.36",1366x768,1366x626,1349x1806,74u6903i8btgestu99730u4057-native-top_left,74u6903i8btgestu99730u4057,1,1
0,1538486693075,286,116,mouseup,//*[@id='vs0p1c0'],{},"{""topRight"":458,""topLeft"":159,""bottomRight"":469,""bottomLeft"":189,""middle"":156,""inTarget"":true}",0.20937042459736457,0.1853035143769968,178.0,0.0,-0.0005733944954128441,20181002152141,"Tue, 02 Oct 2018 15:21:41 +0200","Mozilla/5.0 (Windows NT 10.0; Win64; x64) AppleWebKit/537.36 (KHTML, like Gecko) Chrome/69.0.3497.100 Safari/537.36",1366x768,1366x626,1349x1806,74u6903i8btgestu99730u4057-native-top_left,74u6903i8btgestu99730u4057,1,1
0,1538486693077,286,116,click,//*[@id='vs0p1c0'],{},"{""topRight"":458,""topLeft"":159,""bottomRight"":469,""bottomLeft"":189,""middle"":156,""inTarget"":true}",0.20937042459736457,0.1853035143769968,2.0,0.0,0.0,20181002152141,"Tue, 02 Oct 2018 15:21:41 +0200","Mozilla/5.0 (Windows NT 10.0; Win64; x64) AppleWebKit/537.36 (KHTML, like Gecko) Chrome/69.0.3497.100 Safari/537.36",1366x768,1366x626,1349x1806,74u6903i8btgestu99730u4057-native-top_left,74u6903i8btgestu99730u4057,1,1
0,1538486693079,0,0,beforeunload,/,{},{},0.0,0.0,2.0,154.31461369552787,154.31461369552787,20181002152141,"Tue, 02 Oct 2018 15:21:41 +0200","Mozilla/5.0 (Windows NT 10.0; Win64; x64) AppleWebKit/537.36 (KHTML, like Gecko) Chrome/69.0.3497.100 Safari/537.36",1366x768,1366x626,1349x1806,74u6903i8btgestu99730u4057-native-top_left,74u6903i8btgestu99730u4057,1,1
0,1538486693187,0,0,unload,/,{},{},0.0,0.0,108.0,0.0,-154.31461369552787,20181002152141,"Tue, 02 Oct 2018 15:21:41 +0200","Mozilla/5.0 (Windows NT 10.0; Win64; x64) AppleWebKit/537.36 (KHTML, like Gecko) Chrome/69.0.3497.100 Safari/537.36",1366x768,1366x626,1349x1806,74u6903i8btgestu99730u4057-native-top_left,74u6903i8btgestu99730u4057,1,1
