cursor,timestamp,xpos,ypos,event,xpath,attrs,extras,xpos_scaled,ypos_scaled,timestamp_diff,speed,acceleration,log_id,date,ua,screen,window,document,task,user_id,ad_clicked,attention
0,1538401774473,0,0,load,/,{},{},0.0,0.0,1.0,0.0,0.0,20181001154630,"Mon, 01 Oct 2018 15:46:30 +0200","Mozilla/5.0 (Windows NT 6.3; Win64; x64) AppleWebKit/537.36 (KHTML, like Gecko) Chrome/69.0.3497.100 Safari/537.36",1360x768,1360x626,1343x2069,0uvvot2pbgb3p4jaasek0anvq0-native-top_left,0uvvot2pbgb3p4jaasek0anvq0,1,5
0,1538401776388,628,554,mousemove,//*[@id='rso']/div[2]/div/div[2]/div[2],{},"{""topRight"":469,""topLeft"":675,""bottomRight"":321,""bottomLeft"":583,""middle"":423,""inTarget"":false}",0.46176470588235297,0.8849840255591054,1915.0,0.43730368917063883,0.43730368917063883,20181001154630,"Mon, 01 Oct 2018 15:46:30 +0200","Mozilla/5.0 (Windows NT 6.3; Win64; x64) AppleWebKit/537.36 (KHTML, like Gecko) Chrome/69.0.3497.100 Safari/537.36",1360x768,1360x626,1343x2069,0uvvot2pbgb3p4jaasek0anvq0-native-top_left,0uvvot2pbgb3p4jaasek0anvq0,1,5
0,1538401776538,800,469,mousemove,//*[@id='rcnt'],{},"{""topRight"":373,""topLeft"":767,""bottomRight"":221,""bottomLeft"":705,""middle"":466,""inTarget"":false}",0.5882352941176471,0.7492012779552716,150.0,1.2790447824668048,0.841741093296166,20181001154630,"Mon, 01 Oct 2018 15:46:30 +0200","Mozilla/5.0 (Windows NT 6.3; Win64; x64) AppleWebKit/537.36 (KHTML, like Gecko) Chrome/69.0.3497.100 Safari/537.36",1360x768,1360x626,1343x2069,0uvvot2pbgb3p4jaasek0anvq0-native-top_left,0uvvot2pbgb3p4jaasek0anvq0,1,5
0,1538401776688,878,426,mousemove,//*[@id='rcnt'],{},"{""topRight"":352,""topLeft"":818,""bottomRight"":217,""bottomLeft"":769,""middle"":507,""inTarget"":false}",0.6455882352941177,0.6805111821086262,150.0,0.5937826014441462,-0.6852621810226586,20181001154630,"Mon, 01 Oct 2018 15:46:30 +0200","Mozilla/5.0 (Windows NT 6.3; Win64; x64) AppleWebKit/537.36 (KHTML, like Gecko) Chrome/69.0.3497.100 Safari/537.36",1360x768,1360x626,1343x2069,0uvvot2pbgb3p4jaasek0anvq0-native-top_left,0uvvot2pbgb3p4jaasek0anvq0,1,5
0,1538401777921,879,422,mousemove,//*[@id='rcnt'],{},"{""topRight"":349,""topLeft"":817,""bottomRight"":215,""bottomLeft"":769,""middle"":506,""inTarget"":false}",0.6463235294117647,0.6741214057507987,1233.0,0.003343962388984315,-0.5904386390551619,20181001154630,"Mon, 01 Oct 2018 15:46:30 +0200","Mozilla/5.0 (Windows NT 6.3; Win64; x64) AppleWebKit/537.36 (KHTML, like Gecko) Chrome/69.0.3497.100 Safari/537.36",1360x768,1360x626,1343x2069,0uvvot2pbgb3p4jaasek0anvq0-native-top_left,0uvvot2pbgb3p4jaasek0anvq0,1,5
0,1538401778189,0,0,blur,/,{},{},0.0,0.0,268.0,3.6382510473981813,3.634907085009197,20181001154630,"Mon, 01 Oct 2018 15:46:30 +0200","Mozilla/5.0 (Windows NT 6.3; Win64; x64) AppleWebKit/537.36 (KHTML, like Gecko) Chrome/69.0.3497.100 Safari/537.36",1360x768,1360x626,1343x2069,0uvvot2pbgb3p4jaasek0anvq0-native-top_left,0uvvot2pbgb3p4jaasek0anvq0,1,5
0,1538401781744,0,0,focus,/,{},{},0.0,0.0,3555.0,0.0,-3.6382510473981813,20181001154630,"Mon, 01 Oct 2018 15:46:30 +0200","Mozilla/5.0 (Windows NT 6.3; Win64; x64) AppleWebKit/537.36 (KHTML, like Gecko) Chrome/69.0.3497.100 Safari/537.36",1360x768,1360x626,1343x2069,0uvvot2pbgb3p4jaasek0anvq0-native-top_left,0uvvot2pbgb3p4jaasek0anvq0,1,5
0,1538401784188,0,0,beforeunload,/,{},{},0.0,0.0,2444.0,0.0,0.0,20181001154630,"Mon, 01 Oct 2018 15:46:30 +0200","Mozilla/5.0 (Windows NT 6.3; Win64; x64) AppleWebKit/537.36 (KHTML, like Gecko) Chrome/69.0.3497.100 Safari/537.36",1360x768,1360x626,1343x2069,0uvvot2pbgb3p4jaasek0anvq0-native-top_left,0uvvot2pbgb3p4jaasek0anvq0,1,5
0,1538401784189,0,0,unload,/,{},{},0.0,0.0,1.0,0.0,0.0,20181001154630,"Mon, 01 Oct 2018 15:46:30 +0200","Mozilla/5.0 (Windows NT 6.3; Win64; x64) AppleWebKit/537.36 (KHTML, like Gecko) Chrome/69.0.3497.100 Safari/537.36",1360x768,1360x626,1343x2069,0uvvot2pbgb3p4jaasek0anvq0-native-top_left,0uvvot2pbgb3p4jaasek0anvq0,1,5
