cursor,timestamp,xpos,ypos,event,xpath,attrs,extras,xpos_scaled,ypos_scaled,timestamp_diff,speed,acceleration,log_id,date,ua,screen,window,document,task,user_id,ad_clicked,attention
0,1538396324573,0,0,load,/,{},{},0.0,0.0,1.0,0.0,0.0,20181001141545,"Mon, 01 Oct 2018 14:15:45 +0200","Mozilla/5.0 (Windows NT 5.1) AppleWebKit/537.36 (KHTML, like Gecko) Chrome/49.0.2623.112 Safari/537.36",1280x1024,1280x933,1263x1921,2o65jhb3oo0oihnpu62p172002-dd-top_right,2o65jhb3oo0oihnpu62p172002,0,5
0,1538396325054,307,433,mousemove,//*[@id='rso']/div[2]/div/div[2]/span,{},"{""topRight"":992,""topLeft"":583,""bottomRight"":940,""bottomLeft"":488,""middle"":738,""inTarget"":false}",0.23984375,0.4640943193997856,481.0,1.103513466315986,1.103513466315986,20181001141545,"Mon, 01 Oct 2018 14:15:45 +0200","Mozilla/5.0 (Windows NT 5.1) AppleWebKit/537.36 (KHTML, like Gecko) Chrome/49.0.2623.112 Safari/537.36",1280x1024,1280x933,1263x1921,2o65jhb3oo0oihnpu62p172002-dd-top_right,2o65jhb3oo0oihnpu62p172002,0,5
0,1538396328498,310,435,mousemove,//*[@id='rso']/div[2]/div/div[2]/span,{},"{""topRight"":990,""topLeft"":582,""bottomRight"":937,""bottomLeft"":486,""middle"":735,""inTarget"":false}",0.2421875,0.4662379421221865,3444.0,0.0010469080358490096,-1.102466558280137,20181001141545,"Mon, 01 Oct 2018 14:15:45 +0200","Mozilla/5.0 (Windows NT 5.1) AppleWebKit/537.36 (KHTML, like Gecko) Chrome/49.0.2623.112 Safari/537.36",1280x1024,1280x933,1263x1921,2o65jhb3oo0oihnpu62p172002-dd-top_right,2o65jhb3oo0oihnpu62p172002,0,5
0,1538396328652,301,458,mousemove,//*[@id='rso']/div[2]/div/div[2]/span,{},"{""topRight"":1007,""topLeft"":603,""bottomRight"":948,""bottomLeft"":499,""middle"":751,""inTarget"":false}",0.23515625,0.4908896034297964,154.0,0.1603777796782918,0.1593308716424428,20181001141545,"Mon, 01 Oct 2018 14:15:45 +0200","Mozilla/5.0 (Windows NT 5.1) AppleWebKit/537.36 (KHTML, like Gecko) Chrome/49.0.2623.112 Safari/537.36",1280x1024,1280x933,1263x1921,2o65jhb3oo0oihnpu62p172002-dd-top_right,2o65jhb3oo0oihnpu62p172002,0,5
0,1538396328806,283,326,mouseover,//*[@id='rso'],{},"{""topRight"":986,""topLeft"":553,""bottomRight"":962,""bottomLeft"":508,""middle"":740,""inTarget"":false}",0.22109375,0.34941050375133975,154.0,0.8650754536821241,0.7046976740038323,20181001141545,"Mon, 01 Oct 2018 14:15:45 +0200","Mozilla/5.0 (Windows NT 5.1) AppleWebKit/537.36 (KHTML, like Gecko) Chrome/49.0.2623.112 Safari/537.36",1280x1024,1280x933,1263x1921,2o65jhb3oo0oihnpu62p172002-dd-top_right,2o65jhb3oo0oihnpu62p172002,0,5
0,1538396328968,283,40,mouseover,//*[@id='lst-ib'],{},"{""topRight"":963,""topLeft"":511,""bottomRight"":1013,""bottomLeft"":600,""middle"":759,""inTarget"":false}",0.22109375,0.04287245444801715,162.0,1.7654320987654322,0.900356645083308,20181001141545,"Mon, 01 Oct 2018 14:15:45 +0200","Mozilla/5.0 (Windows NT 5.1) AppleWebKit/537.36 (KHTML, like Gecko) Chrome/49.0.2623.112 Safari/537.36",1280x1024,1280x933,1263x1921,2o65jhb3oo0oihnpu62p172002-dd-top_right,2o65jhb3oo0oihnpu62p172002,0,5
0,1538396331337,0,0,blur,/,{},{},0.0,0.0,2369.0,0.12064705607729752,-1.6447850426881347,20181001141545,"Mon, 01 Oct 2018 14:15:45 +0200","Mozilla/5.0 (Windows NT 5.1) AppleWebKit/537.36 (KHTML, like Gecko) Chrome/49.0.2623.112 Safari/537.36",1280x1024,1280x933,1263x1921,2o65jhb3oo0oihnpu62p172002-dd-top_right,2o65jhb3oo0oihnpu62p172002,0,5
0,1538396334711,0,0,focus,/,{},{},0.0,0.0,3374.0,0.0,-0.12064705607729752,20181001141545,"Mon, 01 Oct 2018 14:15:45 +0200","Mozilla/5.0 (Windows NT 5.1) AppleWebKit/537.36 (KHTML, like Gecko) Chrome/49.0.2623.112 Safari/537.36",1280x1024,1280x933,1263x1921,2o65jhb3oo0oihnpu62p172002-dd-top_right,2o65jhb3oo0oihnpu62p172002,0,5
0,1538396335138,467,11,mouseover,//*[@id='sfdiv'],{},"{""topRight"":783,""topLeft"":337,""bottomRight"":852,""bottomLeft"":476,""middle"":593,""inTarget"":false}",0.36484375,0.011789924973204717,427.0,1.0939801694541584,1.0939801694541584,20181001141545,"Mon, 01 Oct 2018 14:15:45 +0200","Mozilla/5.0 (Windows NT 5.1) AppleWebKit/537.36 (KHTML, like Gecko) Chrome/49.0.2623.112 Safari/537.36",1280x1024,1280x933,1263x1921,2o65jhb3oo0oihnpu62p172002-dd-top_right,2o65jhb3oo0oihnpu62p172002,0,5
0,1538396335303,468,392,mouseover,//*[@id='rso']/div[2]/div/div[2]/div[2],{},"{""topRight"":827,""topLeft"":431,""bottomRight"":777,""bottomLeft"":324,""middle"":572,""inTarget"":false}",0.365625,0.42015005359056806,165.0,2.309098862628472,1.2151186931743134,20181001141545,"Mon, 01 Oct 2018 14:15:45 +0200","Mozilla/5.0 (Windows NT 5.1) AppleWebKit/537.36 (KHTML, like Gecko) Chrome/49.0.2623.112 Safari/537.36",1280x1024,1280x933,1263x1921,2o65jhb3oo0oihnpu62p172002-dd-top_right,2o65jhb3oo0oihnpu62p172002,0,5
0,1538396335474,471,413,mousemove,//*[@id='rso']/div[2]/div/div[2]/div[2]/div,{},"{""topRight"":832,""topLeft"":443,""bottomRight"":775,""bottomLeft"":323,""middle"":575,""inTarget"":false}",0.36796875,0.44265809217577706,171.0,0.12405382126079782,-2.185045041367674,20181001141545,"Mon, 01 Oct 2018 14:15:45 +0200","Mozilla/5.0 (Windows NT 5.1) AppleWebKit/537.36 (KHTML, like Gecko) Chrome/49.0.2623.112 Safari/537.36",1280x1024,1280x933,1263x1921,2o65jhb3oo0oihnpu62p172002-dd-top_right,2o65jhb3oo0oihnpu62p172002,0,5
0,1538396336122,474,410,mousemove,//*[@id='rso']/div[2]/div/div[2]/div[2]/div,{},"{""topRight"":828,""topLeft"":438,""bottomRight"":772,""bottomLeft"":320,""middle"":571,""inTarget"":false}",0.3703125,0.43944265809217575,648.0,0.006547285010986551,-0.11750653624981128,20181001141545,"Mon, 01 Oct 2018 14:15:45 +0200","Mozilla/5.0 (Windows NT 5.1) AppleWebKit/537.36 (KHTML, like Gecko) Chrome/49.0.2623.112 Safari/537.36",1280x1024,1280x933,1263x1921,2o65jhb3oo0oihnpu62p172002-dd-top_right,2o65jhb3oo0oihnpu62p172002,0,5
0,1538396336284,400,271,mouseover,//*[@id='rso']/div[1]/div[2]/div/div/div/span,{},"{""topRight"":860,""topLeft"":423,""bottomRight"":849,""bottomLeft"":400,""middle"":618,""inTarget"":false}",0.3125,0.2904608788853162,162.0,0.9720409393990066,0.96549365438802,20181001141545,"Mon, 01 Oct 2018 14:15:45 +0200","Mozilla/5.0 (Windows NT 5.1) AppleWebKit/537.36 (KHTML, like Gecko) Chrome/49.0.2623.112 Safari/537.36",1280x1024,1280x933,1263x1921,2o65jhb3oo0oihnpu62p172002-dd-top_right,2o65jhb3oo0oihnpu62p172002,0,5
0,1538396336740,0,0,blur,/,{},{},0.0,0.0,456.0,1.0595555356894788,0.0875145962904722,20181001141545,"Mon, 01 Oct 2018 14:15:45 +0200","Mozilla/5.0 (Windows NT 5.1) AppleWebKit/537.36 (KHTML, like Gecko) Chrome/49.0.2623.112 Safari/537.36",1280x1024,1280x933,1263x1921,2o65jhb3oo0oihnpu62p172002-dd-top_right,2o65jhb3oo0oihnpu62p172002,0,5
0,1538396351555,0,0,focus,/,{},{},0.0,0.0,14815.0,0.0,-1.0595555356894788,20181001141545,"Mon, 01 Oct 2018 14:15:45 +0200","Mozilla/5.0 (Windows NT 5.1) AppleWebKit/537.36 (KHTML, like Gecko) Chrome/49.0.2623.112 Safari/537.36",1280x1024,1280x933,1263x1921,2o65jhb3oo0oihnpu62p172002-dd-top_right,2o65jhb3oo0oihnpu62p172002,0,5
0,1538396351916,498,1,mouseover,//*[@id='searchform']/div/div,{},"{""topRight"":753,""topLeft"":310,""bottomRight"":828,""bottomLeft"":463,""middle"":568,""inTarget"":false}",0.3890625,0.0010718113612004287,361.0,1.3795041662466818,1.3795041662466818,20181001141545,"Mon, 01 Oct 2018 14:15:45 +0200","Mozilla/5.0 (Windows NT 5.1) AppleWebKit/537.36 (KHTML, like Gecko) Chrome/49.0.2623.112 Safari/537.36",1280x1024,1280x933,1263x1921,2o65jhb3oo0oihnpu62p172002-dd-top_right,2o65jhb3oo0oihnpu62p172002,0,5
0,1538396352068,427,293,mousemove,//*[@id='rso']/div[1]/div[2]/div/div/div/span,{},"{""topRight"":838,""topLeft"":408,""bottomRight"":820,""bottomLeft"":369,""middle"":593,""inTarget"":false}",0.33359375,0.3140407288317256,152.0,1.9770256801989714,0.5975215139522896,20181001141545,"Mon, 01 Oct 2018 14:15:45 +0200","Mozilla/5.0 (Windows NT 5.1) AppleWebKit/537.36 (KHTML, like Gecko) Chrome/49.0.2623.112 Safari/537.36",1280x1024,1280x933,1263x1921,2o65jhb3oo0oihnpu62p172002-dd-top_right,2o65jhb3oo0oihnpu62p172002,0,5
0,1538396352300,434,322,mousemove,//*[@id='rso'],{},"{""topRight"":838,""topLeft"":416,""bottomRight"":811,""bottomLeft"":358,""middle"":590,""inTarget"":false}",0.3390625,0.34512325830653806,232.0,0.12858994732910603,-1.8484357328698653,20181001141545,"Mon, 01 Oct 2018 14:15:45 +0200","Mozilla/5.0 (Windows NT 5.1) AppleWebKit/537.36 (KHTML, like Gecko) Chrome/49.0.2623.112 Safari/537.36",1280x1024,1280x933,1263x1921,2o65jhb3oo0oihnpu62p172002-dd-top_right,2o65jhb3oo0oihnpu62p172002,0,5
0,1538396356509,434,322,mousemove,//*[@id='rso'],{},"{""topRight"":838,""topLeft"":416,""bottomRight"":811,""bottomLeft"":358,""middle"":590,""inTarget"":false}",0.3390625,0.34512325830653806,4209.0,0.0,-0.12858994732910603,20181001141545,"Mon, 01 Oct 2018 14:15:45 +0200","Mozilla/5.0 (Windows NT 5.1) AppleWebKit/537.36 (KHTML, like Gecko) Chrome/49.0.2623.112 Safari/537.36",1280x1024,1280x933,1263x1921,2o65jhb3oo0oihnpu62p172002-dd-top_right,2o65jhb3oo0oihnpu62p172002,0,5
0,1538396356668,340,178,mousemove,//*[@id='rso']/div[1]/div[1]/div/div/div/span,{},"{""topRight"":907,""topLeft"":456,""bottomRight"":922,""bottomLeft"":485,""middle"":679,""inTarget"":false}",0.265625,0.1907824222936763,159.0,1.0815415895655833,1.0815415895655833,20181001141545,"Mon, 01 Oct 2018 14:15:45 +0200","Mozilla/5.0 (Windows NT 5.1) AppleWebKit/537.36 (KHTML, like Gecko) Chrome/49.0.2623.112 Safari/537.36",1280x1024,1280x933,1263x1921,2o65jhb3oo0oihnpu62p172002-dd-top_right,2o65jhb3oo0oihnpu62p172002,0,5
0,1538396356823,332,156,mousemove,//*[@id='rso']/div[1]/div[1]/div/div/div/span,{},"{""topRight"":913,""topLeft"":461,""bottomRight"":935,""bottomLeft"":501,""middle"":689,""inTarget"":false}",0.259375,0.16720257234726688,155.0,0.15102838594476936,-0.9305132036208139,20181001141545,"Mon, 01 Oct 2018 14:15:45 +0200","Mozilla/5.0 (Windows NT 5.1) AppleWebKit/537.36 (KHTML, like Gecko) Chrome/49.0.2623.112 Safari/537.36",1280x1024,1280x933,1263x1921,2o65jhb3oo0oihnpu62p172002-dd-top_right,2o65jhb3oo0oihnpu62p172002,0,5
0,1538396356984,324,145,mousemove,//*[@id='rso']/div[1]/div[1]/div/div/div/div/cite,{},"{""topRight"":921,""topLeft"":468,""bottomRight"":945,""bottomLeft"":513,""middle"":699,""inTarget"":false}",0.253125,0.15541264737406216,161.0,0.08448118328407107,-0.06654720266069829,20181001141545,"Mon, 01 Oct 2018 14:15:45 +0200","Mozilla/5.0 (Windows NT 5.1) AppleWebKit/537.36 (KHTML, like Gecko) Chrome/49.0.2623.112 Safari/537.36",1280x1024,1280x933,1263x1921,2o65jhb3oo0oihnpu62p172002-dd-top_right,2o65jhb3oo0oihnpu62p172002,0,5
0,1538396357134,317,133,mouseover,//*[@id='rso']/div[1]/div[1]/div/h3/a,{},"{""topRight"":927,""topLeft"":474,""bottomRight"":954,""bottomLeft"":525,""middle"":707,""inTarget"":false}",0.24765625,0.14255091103965703,150.0,0.0926162932629987,0.008135109978927621,20181001141545,"Mon, 01 Oct 2018 14:15:45 +0200","Mozilla/5.0 (Windows NT 5.1) AppleWebKit/537.36 (KHTML, like Gecko) Chrome/49.0.2623.112 Safari/537.36",1280x1024,1280x933,1263x1921,2o65jhb3oo0oihnpu62p172002-dd-top_right,2o65jhb3oo0oihnpu62p172002,0,5
0,1538396357418,315,130,mousemove,//*[@id='rso']/div[1]/div[1]/div/h3/a,{},"{""topRight"":929,""topLeft"":476,""bottomRight"":957,""bottomLeft"":528,""middle"":710,""inTarget"":false}",0.24609375,0.13933547695605572,284.0,0.01269560308261968,-0.07992069018037902,20181001141545,"Mon, 01 Oct 2018 14:15:45 +0200","Mozilla/5.0 (Windows NT 5.1) AppleWebKit/537.36 (KHTML, like Gecko) Chrome/49.0.2623.112 Safari/537.36",1280x1024,1280x933,1263x1921,2o65jhb3oo0oihnpu62p172002-dd-top_right,2o65jhb3oo0oihnpu62p172002,0,5
0,1538396357584,313,128,mousedown,//*[@id='rso']/div[1]/div[1]/div/h3/a,{},"{""topRight"":931,""topLeft"":478,""bottomRight"":959,""bottomLeft"":530,""middle"":712,""inTarget"":false}",0.24453125,0.13719185423365488,166.0,0.017038717618952953,0.004343114536333273,20181001141545,"Mon, 01 Oct 2018 14:15:45 +0200","Mozilla/5.0 (Windows NT 5.1) AppleWebKit/537.36 (KHTML, like Gecko) Chrome/49.0.2623.112 Safari/537.36",1280x1024,1280x933,1263x1921,2o65jhb3oo0oihnpu62p172002-dd-top_right,2o65jhb3oo0oihnpu62p172002,0,5
0,1538396357662,313,128,mouseup,//*[@id='rso']/div[1]/div[1]/div/h3/a,{},"{""topRight"":931,""topLeft"":478,""bottomRight"":959,""bottomLeft"":530,""middle"":712,""inTarget"":false}",0.24453125,0.13719185423365488,78.0,0.0,-0.017038717618952953,20181001141545,"Mon, 01 Oct 2018 14:15:45 +0200","Mozilla/5.0 (Windows NT 5.1) AppleWebKit/537.36 (KHTML, like Gecko) Chrome/49.0.2623.112 Safari/537.36",1280x1024,1280x933,1263x1921,2o65jhb3oo0oihnpu62p172002-dd-top_right,2o65jhb3oo0oihnpu62p172002,0,5
0,1538396357664,313,128,click,//*[@id='rso']/div[1]/div[1]/div/h3/a,{},"{""topRight"":931,""topLeft"":478,""bottomRight"":959,""bottomLeft"":530,""middle"":712,""inTarget"":false}",0.24453125,0.13719185423365488,2.0,0.0,0.0,20181001141545,"Mon, 01 Oct 2018 14:15:45 +0200","Mozilla/5.0 (Windows NT 5.1) AppleWebKit/537.36 (KHTML, like Gecko) Chrome/49.0.2623.112 Safari/537.36",1280x1024,1280x933,1263x1921,2o65jhb3oo0oihnpu62p172002-dd-top_right,2o65jhb3oo0oihnpu62p172002,0,5
0,1538396357665,0,0,beforeunload,/,{},{},0.0,0.0,1.0,338.16120416156554,338.16120416156554,20181001141545,"Mon, 01 Oct 2018 14:15:45 +0200","Mozilla/5.0 (Windows NT 5.1) AppleWebKit/537.36 (KHTML, like Gecko) Chrome/49.0.2623.112 Safari/537.36",1280x1024,1280x933,1263x1921,2o65jhb3oo0oihnpu62p172002-dd-top_right,2o65jhb3oo0oihnpu62p172002,0,5
0,1538396357695,313,128,mousedown,//*[@id='rso']/div[1]/div[1]/div/h3/a,{},"{""topRight"":931,""topLeft"":478,""bottomRight"":959,""bottomLeft"":530,""middle"":712,""inTarget"":false}",0.24453125,0.13719185423365488,30.0,11.272040138718852,-326.88916402284667,20181001141545,"Mon, 01 Oct 2018 14:15:45 +0200","Mozilla/5.0 (Windows NT 5.1) AppleWebKit/537.36 (KHTML, like Gecko) Chrome/49.0.2623.112 Safari/537.36",1280x1024,1280x933,1263x1921,2o65jhb3oo0oihnpu62p172002-dd-top_right,2o65jhb3oo0oihnpu62p172002,0,5
0,1538396357697,313,128,mouseup,//*[@id='rso']/div[1]/div[1]/div/h3/a,{},"{""topRight"":931,""topLeft"":478,""bottomRight"":959,""bottomLeft"":530,""middle"":712,""inTarget"":false}",0.24453125,0.13719185423365488,2.0,0.0,-11.272040138718852,20181001141545,"Mon, 01 Oct 2018 14:15:45 +0200","Mozilla/5.0 (Windows NT 5.1) AppleWebKit/537.36 (KHTML, like Gecko) Chrome/49.0.2623.112 Safari/537.36",1280x1024,1280x933,1263x1921,2o65jhb3oo0oihnpu62p172002-dd-top_right,2o65jhb3oo0oihnpu62p172002,0,5
0,1538396357699,313,128,click,//*[@id='rso']/div[1]/div[1]/div/h3/a,{},"{""topRight"":931,""topLeft"":478,""bottomRight"":959,""bottomLeft"":530,""middle"":712,""inTarget"":false}",0.24453125,0.13719185423365488,2.0,0.0,0.0,20181001141545,"Mon, 01 Oct 2018 14:15:45 +0200","Mozilla/5.0 (Windows NT 5.1) AppleWebKit/537.36 (KHTML, like Gecko) Chrome/49.0.2623.112 Safari/537.36",1280x1024,1280x933,1263x1921,2o65jhb3oo0oihnpu62p172002-dd-top_right,2o65jhb3oo0oihnpu62p172002,0,5
0,1538396357705,0,0,beforeunload,/,{},{},0.0,0.0,6.0,56.36020069359426,56.36020069359426,20181001141545,"Mon, 01 Oct 2018 14:15:45 +0200","Mozilla/5.0 (Windows NT 5.1) AppleWebKit/537.36 (KHTML, like Gecko) Chrome/49.0.2623.112 Safari/537.36",1280x1024,1280x933,1263x1921,2o65jhb3oo0oihnpu62p172002-dd-top_right,2o65jhb3oo0oihnpu62p172002,0,5
0,1538396357885,0,0,unload,/,{},{},0.0,0.0,180.0,0.0,-56.36020069359426,20181001141545,"Mon, 01 Oct 2018 14:15:45 +0200","Mozilla/5.0 (Windows NT 5.1) AppleWebKit/537.36 (KHTML, like Gecko) Chrome/49.0.2623.112 Safari/537.36",1280x1024,1280x933,1263x1921,2o65jhb3oo0oihnpu62p172002-dd-top_right,2o65jhb3oo0oihnpu62p172002,0,5
