cursor,timestamp,xpos,ypos,event,xpath,attrs,extras,xpos_scaled,ypos_scaled,timestamp_diff,speed,acceleration,log_id,date,ua,screen,window,document,task,user_id,ad_clicked,attention
0,1538467477440,0,0,load,/,{},{},0.0,0.0,1.0,0.0,0.0,20181002100150,"Tue, 02 Oct 2018 10:01:50 +0200","Mozilla/5.0 (Windows NT 6.1; Win64; x64) AppleWebKit/537.36 (KHTML, like Gecko) Chrome/69.0.3497.100 Safari/537.36",1360x768,1360x626,1343x1691,fkj82u8lqh4pblcajb7p67s106-dd-top_right,fkj82u8lqh4pblcajb7p67s106,0,1
0,1538467479189,811,279,mousemove,//*[@id='plarhs1'],{},"{""topRight"":466,""topLeft"":174,""bottomRight"":441,""bottomLeft"":84,""middle"":211,""inTarget"":true}",0.5963235294117647,0.44568690095846647,1749.0,0.4903654158946278,0.4903654158946278,20181002100150,"Tue, 02 Oct 2018 10:01:50 +0200","Mozilla/5.0 (Windows NT 6.1; Win64; x64) AppleWebKit/537.36 (KHTML, like Gecko) Chrome/69.0.3497.100 Safari/537.36",1360x768,1360x626,1343x1691,fkj82u8lqh4pblcajb7p67s106-dd-top_right,fkj82u8lqh4pblcajb7p67s106,0,1
0,1538467479339,532,193,mouseover,//*[@id='rso']/div[1]/div[1]/div/div/div/div[2],{},"{""topRight"":717,""topLeft"":272,""bottomRight"":731,""bottomLeft"":307,""middle"":487,""inTarget"":false}",0.3911764705882353,0.3083067092651757,150.0,1.9463584230842763,1.4559930071896485,20181002100150,"Tue, 02 Oct 2018 10:01:50 +0200","Mozilla/5.0 (Windows NT 6.1; Win64; x64) AppleWebKit/537.36 (KHTML, like Gecko) Chrome/69.0.3497.100 Safari/537.36",1360x768,1360x626,1343x1691,fkj82u8lqh4pblcajb7p67s106-dd-top_right,fkj82u8lqh4pblcajb7p67s106,0,1
0,1538467479489,521,147,mousemove,//*[@id='rso']/div[1]/div[1]/div/div/div/div[1],{},"{""topRight"":724,""topLeft"":272,""bottomRight"":754,""bottomLeft"":343,""middle"":503,""inTarget"":false}",0.3830882352941177,0.23482428115015974,150.0,0.3153128957436125,-1.6310455273406639,20181002100150,"Tue, 02 Oct 2018 10:01:50 +0200","Mozilla/5.0 (Windows NT 6.1; Win64; x64) AppleWebKit/537.36 (KHTML, like Gecko) Chrome/69.0.3497.100 Safari/537.36",1360x768,1360x626,1343x1691,fkj82u8lqh4pblcajb7p67s106-dd-top_right,fkj82u8lqh4pblcajb7p67s106,0,1
0,1538467479639,547,121,mousemove,//*[@id='rso']/div[1]/div[1]/div/h3,{},"{""topRight"":697,""topLeft"":243,""bottomRight"":737,""bottomLeft"":341,""middle"":483,""inTarget"":false}",0.4022058823529412,0.19329073482428116,150.0,0.24513035081133647,-0.07018254493227602,20181002100150,"Tue, 02 Oct 2018 10:01:50 +0200","Mozilla/5.0 (Windows NT 6.1; Win64; x64) AppleWebKit/537.36 (KHTML, like Gecko) Chrome/69.0.3497.100 Safari/537.36",1360x768,1360x626,1343x1691,fkj82u8lqh4pblcajb7p67s106-dd-top_right,fkj82u8lqh4pblcajb7p67s106,0,1
0,1538467480254,0,0,blur,/,{},{},0.0,0.0,615.0,0.9109319834425563,0.6658016326312198,20181002100150,"Tue, 02 Oct 2018 10:01:50 +0200","Mozilla/5.0 (Windows NT 6.1; Win64; x64) AppleWebKit/537.36 (KHTML, like Gecko) Chrome/69.0.3497.100 Safari/537.36",1360x768,1360x626,1343x1691,fkj82u8lqh4pblcajb7p67s106-dd-top_right,fkj82u8lqh4pblcajb7p67s106,0,1
0,1538467545789,0,0,focus,/,{},{},0.0,0.0,65535.0,0.0,-0.9109319834425563,20181002100150,"Tue, 02 Oct 2018 10:01:50 +0200","Mozilla/5.0 (Windows NT 6.1; Win64; x64) AppleWebKit/537.36 (KHTML, like Gecko) Chrome/69.0.3497.100 Safari/537.36",1360x768,1360x626,1343x1691,fkj82u8lqh4pblcajb7p67s106-dd-top_right,fkj82u8lqh4pblcajb7p67s106,0,1
0,1538467546004,561,29,mouseover,//*[@id='lst-ib'],{},"{""topRight"":687,""topLeft"":242,""bottomRight"":759,""bottomLeft"":402,""middle"":500,""inTarget"":false}",0.4125,0.0463258785942492,215.0,2.6127862990410184,2.6127862990410184,20181002100150,"Tue, 02 Oct 2018 10:01:50 +0200","Mozilla/5.0 (Windows NT 6.1; Win64; x64) AppleWebKit/537.36 (KHTML, like Gecko) Chrome/69.0.3497.100 Safari/537.36",1360x768,1360x626,1343x1691,fkj82u8lqh4pblcajb7p67s106-dd-top_right,fkj82u8lqh4pblcajb7p67s106,0,1
0,1538467546175,686,333,mousemove,//*[@id='rso'],{},"{""topRight"":602,""topLeft"":250,""bottomRight"":559,""bottomLeft"":107,""middle"":346,""inTarget"":false}",0.5044117647058823,0.5319488817891374,171.0,1.922198292967479,-0.6905880060735394,20181002100150,"Tue, 02 Oct 2018 10:01:50 +0200","Mozilla/5.0 (Windows NT 6.1; Win64; x64) AppleWebKit/537.36 (KHTML, like Gecko) Chrome/69.0.3497.100 Safari/537.36",1360x768,1360x626,1343x1691,fkj82u8lqh4pblcajb7p67s106-dd-top_right,fkj82u8lqh4pblcajb7p67s106,0,1
0,1538467546340,657,347,mousemove,//*[@id='rso']/div[2]/div/div/div[1]/div[2]/div[1]/div,{},"{""topRight"":635,""topLeft"":275,""bottomRight"":587,""bottomLeft"":134,""middle"":378,""inTarget"":false}",0.48308823529411765,0.5543130990415336,165.0,0.19516657197702567,-1.7270317209904533,20181002100150,"Tue, 02 Oct 2018 10:01:50 +0200","Mozilla/5.0 (Windows NT 6.1; Win64; x64) AppleWebKit/537.36 (KHTML, like Gecko) Chrome/69.0.3497.100 Safari/537.36",1360x768,1360x626,1343x1691,fkj82u8lqh4pblcajb7p67s106-dd-top_right,fkj82u8lqh4pblcajb7p67s106,0,1
0,1538467546502,356,382,mousemove,//*[@id='rso']/div[2]/div/div/div[1]/div[2]/div[1],{},"{""topRight"":930,""topLeft"":514,""bottomRight"":888,""bottomLeft"":435,""middle"":678,""inTarget"":false}",0.26176470588235295,0.610223642172524,162.0,1.8705435278196731,1.6753769558426475,20181002100150,"Tue, 02 Oct 2018 10:01:50 +0200","Mozilla/5.0 (Windows NT 6.1; Win64; x64) AppleWebKit/537.36 (KHTML, like Gecko) Chrome/69.0.3497.100 Safari/537.36",1360x768,1360x626,1343x1691,fkj82u8lqh4pblcajb7p67s106-dd-top_right,fkj82u8lqh4pblcajb7p67s106,0,1
0,1538467546669,289,392,mousemove,//*[@id='nmtbi3']/div[2]/div,{},"{""topRight"":997,""topLeft"":577,""bottomRight"":956,""bottomLeft"":502,""middle"":745,""inTarget"":false}",0.2125,0.6261980830670927,167.0,0.40564166597460954,-1.4649018618450635,20181002100150,"Tue, 02 Oct 2018 10:01:50 +0200","Mozilla/5.0 (Windows NT 6.1; Win64; x64) AppleWebKit/537.36 (KHTML, like Gecko) Chrome/69.0.3497.100 Safari/537.36",1360x768,1360x626,1343x1691,fkj82u8lqh4pblcajb7p67s106-dd-top_right,fkj82u8lqh4pblcajb7p67s106,0,1
0,1538467546820,271,365,mouseover,//*[@id='rso']/div[2]/div/div/div[1]/div[2]/div[1]/div/div/div,{},"{""topRight"":1007,""topLeft"":580,""bottomRight"":973,""bottomLeft"":519,""middle"":758,""inTarget"":false}",0.19926470588235295,0.5830670926517572,151.0,0.2149004071468603,-0.19074125882774925,20181002100150,"Tue, 02 Oct 2018 10:01:50 +0200","Mozilla/5.0 (Windows NT 6.1; Win64; x64) AppleWebKit/537.36 (KHTML, like Gecko) Chrome/69.0.3497.100 Safari/537.36",1360x768,1360x626,1343x1691,fkj82u8lqh4pblcajb7p67s106-dd-top_right,fkj82u8lqh4pblcajb7p67s106,0,1
0,1538467546987,251,159,mouseover,//*[@id='rso']/div[1]/div[1]/div/div/div/span/em[2],{},"{""topRight"":994,""topLeft"":542,""bottomRight"":1013,""bottomLeft"":575,""middle"":770,""inTarget"":false}",0.18455882352941178,0.2539936102236422,167.0,1.2393329140824108,1.0244325069355504,20181002100150,"Tue, 02 Oct 2018 10:01:50 +0200","Mozilla/5.0 (Windows NT 6.1; Win64; x64) AppleWebKit/537.36 (KHTML, like Gecko) Chrome/69.0.3497.100 Safari/537.36",1360x768,1360x626,1343x1691,fkj82u8lqh4pblcajb7p67s106-dd-top_right,fkj82u8lqh4pblcajb7p67s106,0,1
0,1538467547186,259,122,mousemove,//*[@id='rso']/div[1]/div[1]/div/h3/a,{},"{""topRight"":985,""topLeft"":531,""bottomRight"":1013,""bottomLeft"":582,""middle"":766,""inTarget"":false}",0.19044117647058822,0.19488817891373802,199.0,0.1902260626205799,-1.049106851461831,20181002100150,"Tue, 02 Oct 2018 10:01:50 +0200","Mozilla/5.0 (Windows NT 6.1; Win64; x64) AppleWebKit/537.36 (KHTML, like Gecko) Chrome/69.0.3497.100 Safari/537.36",1360x768,1360x626,1343x1691,fkj82u8lqh4pblcajb7p67s106-dd-top_right,fkj82u8lqh4pblcajb7p67s106,0,1
0,1538467547818,264,115,mousemove,//*[@id='rso']/div[1]/div[1]/div/h3/a,{},"{""topRight"":980,""topLeft"":526,""bottomRight"":1010,""bottomLeft"":580,""middle"":762,""inTarget"":false}",0.19411764705882353,0.18370607028753994,632.0,0.013611274156713017,-0.17661478846386688,20181002100150,"Tue, 02 Oct 2018 10:01:50 +0200","Mozilla/5.0 (Windows NT 6.1; Win64; x64) AppleWebKit/537.36 (KHTML, like Gecko) Chrome/69.0.3497.100 Safari/537.36",1360x768,1360x626,1343x1691,fkj82u8lqh4pblcajb7p67s106-dd-top_right,fkj82u8lqh4pblcajb7p67s106,0,1
0,1538467548661,264,121,mousedown,//*[@id='rso']/div[1]/div[1]/div/h3/a,{},"{""topRight"":980,""topLeft"":526,""bottomRight"":1009,""bottomLeft"":578,""middle"":761,""inTarget"":false}",0.19411764705882353,0.19329073482428116,843.0,0.0071174377224199285,-0.006493836434293089,20181002100150,"Tue, 02 Oct 2018 10:01:50 +0200","Mozilla/5.0 (Windows NT 6.1; Win64; x64) AppleWebKit/537.36 (KHTML, like Gecko) Chrome/69.0.3497.100 Safari/537.36",1360x768,1360x626,1343x1691,fkj82u8lqh4pblcajb7p67s106-dd-top_right,fkj82u8lqh4pblcajb7p67s106,0,1
0,1538467548780,264,121,mouseup,//*[@id='rso']/div[1]/div[1]/div/h3/a,{},"{""topRight"":980,""topLeft"":526,""bottomRight"":1009,""bottomLeft"":578,""middle"":761,""inTarget"":false}",0.19411764705882353,0.19329073482428116,119.0,0.0,-0.0071174377224199285,20181002100150,"Tue, 02 Oct 2018 10:01:50 +0200","Mozilla/5.0 (Windows NT 6.1; Win64; x64) AppleWebKit/537.36 (KHTML, like Gecko) Chrome/69.0.3497.100 Safari/537.36",1360x768,1360x626,1343x1691,fkj82u8lqh4pblcajb7p67s106-dd-top_right,fkj82u8lqh4pblcajb7p67s106,0,1
0,1538467548781,264,121,click,//*[@id='rso']/div[1]/div[1]/div/h3/a,{},"{""topRight"":980,""topLeft"":526,""bottomRight"":1009,""bottomLeft"":578,""middle"":761,""inTarget"":false}",0.19411764705882353,0.19329073482428116,1.0,0.0,0.0,20181002100150,"Tue, 02 Oct 2018 10:01:50 +0200","Mozilla/5.0 (Windows NT 6.1; Win64; x64) AppleWebKit/537.36 (KHTML, like Gecko) Chrome/69.0.3497.100 Safari/537.36",1360x768,1360x626,1343x1691,fkj82u8lqh4pblcajb7p67s106-dd-top_right,fkj82u8lqh4pblcajb7p67s106,0,1
0,1538467548781,0,0,beforeunload,/,{},{},0.0,0.0,0.0,0.0,0.0,20181002100150,"Tue, 02 Oct 2018 10:01:50 +0200","Mozilla/5.0 (Windows NT 6.1; Win64; x64) AppleWebKit/537.36 (KHTML, like Gecko) Chrome/69.0.3497.100 Safari/537.36",1360x768,1360x626,1343x1691,fkj82u8lqh4pblcajb7p67s106-dd-top_right,fkj82u8lqh4pblcajb7p67s106,0,1
0,1538467548907,0,0,unload,/,{},{},0.0,0.0,126.0,0.0,0.0,20181002100150,"Tue, 02 Oct 2018 10:01:50 +0200","Mozilla/5.0 (Windows NT 6.1; Win64; x64) AppleWebKit/537.36 (KHTML, like Gecko) Chrome/69.0.3497.100 Safari/537.36",1360x768,1360x626,1343x1691,fkj82u8lqh4pblcajb7p67s106-dd-top_right,fkj82u8lqh4pblcajb7p67s106,0,1
