cursor,timestamp,xpos,ypos,event,xpath,attrs,extras,xpos_scaled,ypos_scaled,timestamp_diff,speed,acceleration,log_id,date,ua,screen,window,document,task,user_id,ad_clicked,attention
0,1538390784639,0,0,load,/,{},{},0.0,0.0,1.0,0.0,0.0,20181001124337,"Mon, 01 Oct 2018 12:43:37 +0200","Mozilla/5.0 (Windows NT 10.0; Win64; x64) AppleWebKit/537.36 (KHTML, like Gecko) Chrome/69.0.3497.100 Safari/537.36",1366x768,1366x626,1349x128,cnoarrk4g3ahbve7s5hdo26l92-dd-top_left,cnoarrk4g3ahbve7s5hdo26l92,0,4
0,1538390786146,552,244,mousemove,/html,{},"{""topRight"":604,""topLeft"":604,""bottomRight"":604,""bottomLeft"":604,""middle"":604,""inTarget"":false}",0.404099560761347,0.38977635782747605,1507.0,0.4004797547767635,0.4004797547767635,20181001124337,"Mon, 01 Oct 2018 12:43:37 +0200","Mozilla/5.0 (Windows NT 10.0; Win64; x64) AppleWebKit/537.36 (KHTML, like Gecko) Chrome/69.0.3497.100 Safari/537.36",1366x768,1366x626,1349x128,cnoarrk4g3ahbve7s5hdo26l92-dd-top_left,cnoarrk4g3ahbve7s5hdo26l92,0,4
0,1538390786303,513,232,mousemove,/html,{},"{""topRight"":563,""topLeft"":563,""bottomRight"":563,""bottomLeft"":563,""middle"":563,""inTarget"":false}",0.37554904831625185,0.3706070287539936,157.0,0.2599007103580021,-0.1405790444187614,20181001124337,"Mon, 01 Oct 2018 12:43:37 +0200","Mozilla/5.0 (Windows NT 10.0; Win64; x64) AppleWebKit/537.36 (KHTML, like Gecko) Chrome/69.0.3497.100 Safari/537.36",1366x768,1366x626,1349x128,cnoarrk4g3ahbve7s5hdo26l92-dd-top_left,cnoarrk4g3ahbve7s5hdo26l92,0,4
0,1538390786469,633,178,mousemove,/html,{},"{""topRight"":658,""topLeft"":658,""bottomRight"":658,""bottomLeft"":658,""middle"":658,""inTarget"":false}",0.4633967789165447,0.28434504792332266,166.0,0.7927124891371556,0.5328117787791535,20181001124337,"Mon, 01 Oct 2018 12:43:37 +0200","Mozilla/5.0 (Windows NT 10.0; Win64; x64) AppleWebKit/537.36 (KHTML, like Gecko) Chrome/69.0.3497.100 Safari/537.36",1366x768,1366x626,1349x128,cnoarrk4g3ahbve7s5hdo26l92-dd-top_left,cnoarrk4g3ahbve7s5hdo26l92,0,4
0,1538390786632,664,183,mousemove,/html,{},"{""topRight"":689,""topLeft"":689,""bottomRight"":689,""bottomLeft"":689,""middle"":689,""inTarget"":false}",0.486090775988287,0.29233226837060705,163.0,0.19264194439395807,-0.6000705447431975,20181001124337,"Mon, 01 Oct 2018 12:43:37 +0200","Mozilla/5.0 (Windows NT 10.0; Win64; x64) AppleWebKit/537.36 (KHTML, like Gecko) Chrome/69.0.3497.100 Safari/537.36",1366x768,1366x626,1349x128,cnoarrk4g3ahbve7s5hdo26l92-dd-top_left,cnoarrk4g3ahbve7s5hdo26l92,0,4
0,1538390786808,662,174,mousemove,/html,{},"{""topRight"":684,""topLeft"":684,""bottomRight"":684,""bottomLeft"":684,""middle"":684,""inTarget"":false}",0.48462664714494874,0.2779552715654952,176.0,0.052383775325527765,-0.1402581690684303,20181001124337,"Mon, 01 Oct 2018 12:43:37 +0200","Mozilla/5.0 (Windows NT 10.0; Win64; x64) AppleWebKit/537.36 (KHTML, like Gecko) Chrome/69.0.3497.100 Safari/537.36",1366x768,1366x626,1349x128,cnoarrk4g3ahbve7s5hdo26l92-dd-top_left,cnoarrk4g3ahbve7s5hdo26l92,0,4
0,1538390786958,639,106,mousemove,//*[@id='adblocker'],{},"{""topRight"":648,""topLeft"":648,""bottomRight"":648,""bottomLeft"":648,""middle"":648,""inTarget"":false}",0.4677891654465593,0.16932907348242812,150.0,0.47856266279581633,0.42617888747028854,20181001124337,"Mon, 01 Oct 2018 12:43:37 +0200","Mozilla/5.0 (Windows NT 10.0; Win64; x64) AppleWebKit/537.36 (KHTML, like Gecko) Chrome/69.0.3497.100 Safari/537.36",1366x768,1366x626,1349x128,cnoarrk4g3ahbve7s5hdo26l92-dd-top_left,cnoarrk4g3ahbve7s5hdo26l92,0,4
0,1538390787108,630,87,mousemove,//*[@id='adblocker']/p,{},"{""topRight"":636,""topLeft"":636,""bottomRight"":636,""bottomLeft"":636,""middle"":636,""inTarget"":false}",0.4612005856515373,0.1389776357827476,150.0,0.14015864027752425,-0.33840402251829205,20181001124337,"Mon, 01 Oct 2018 12:43:37 +0200","Mozilla/5.0 (Windows NT 10.0; Win64; x64) AppleWebKit/537.36 (KHTML, like Gecko) Chrome/69.0.3497.100 Safari/537.36",1366x768,1366x626,1349x128,cnoarrk4g3ahbve7s5hdo26l92-dd-top_left,cnoarrk4g3ahbve7s5hdo26l92,0,4
0,1538390787431,629,87,mousedown,//*[@id='adblocker']/p,{},"{""topRight"":635,""topLeft"":635,""bottomRight"":635,""bottomLeft"":635,""middle"":635,""inTarget"":false}",0.46046852122986826,0.1389776357827476,323.0,0.0030959752321981426,-0.1370626650453261,20181001124337,"Mon, 01 Oct 2018 12:43:37 +0200","Mozilla/5.0 (Windows NT 10.0; Win64; x64) AppleWebKit/537.36 (KHTML, like Gecko) Chrome/69.0.3497.100 Safari/537.36",1366x768,1366x626,1349x128,cnoarrk4g3ahbve7s5hdo26l92-dd-top_left,cnoarrk4g3ahbve7s5hdo26l92,0,4
0,1538390787524,629,87,mouseup,//*[@id='adblocker']/p,{},"{""topRight"":635,""topLeft"":635,""bottomRight"":635,""bottomLeft"":635,""middle"":635,""inTarget"":false}",0.46046852122986826,0.1389776357827476,93.0,0.0,-0.0030959752321981426,20181001124337,"Mon, 01 Oct 2018 12:43:37 +0200","Mozilla/5.0 (Windows NT 10.0; Win64; x64) AppleWebKit/537.36 (KHTML, like Gecko) Chrome/69.0.3497.100 Safari/537.36",1366x768,1366x626,1349x128,cnoarrk4g3ahbve7s5hdo26l92-dd-top_left,cnoarrk4g3ahbve7s5hdo26l92,0,4
0,1538390787524,629,87,contextmenu,//*[@id='adblocker']/p,{},{},0.46046852122986826,0.1389776357827476,0.0,0.0,0.0,20181001124337,"Mon, 01 Oct 2018 12:43:37 +0200","Mozilla/5.0 (Windows NT 10.0; Win64; x64) AppleWebKit/537.36 (KHTML, like Gecko) Chrome/69.0.3497.100 Safari/537.36",1366x768,1366x626,1349x128,cnoarrk4g3ahbve7s5hdo26l92-dd-top_left,cnoarrk4g3ahbve7s5hdo26l92,0,4
0,1538390790313,489,219,mouseover,/html,{},"{""topRight"":536,""topLeft"":536,""bottomRight"":536,""bottomLeft"":536,""middle"":536,""inTarget"":false}",0.3579795021961933,0.3498402555910543,2789.0,0.06899111349332775,0.06899111349332775,20181001124337,"Mon, 01 Oct 2018 12:43:37 +0200","Mozilla/5.0 (Windows NT 10.0; Win64; x64) AppleWebKit/537.36 (KHTML, like Gecko) Chrome/69.0.3497.100 Safari/537.36",1366x768,1366x626,1349x128,cnoarrk4g3ahbve7s5hdo26l92-dd-top_left,cnoarrk4g3ahbve7s5hdo26l92,0,4
0,1538390790313,489,219,mousedown,/html,{},"{""topRight"":536,""topLeft"":536,""bottomRight"":536,""bottomLeft"":536,""middle"":536,""inTarget"":false}",0.3579795021961933,0.3498402555910543,0.0,0.0,-0.06899111349332775,20181001124337,"Mon, 01 Oct 2018 12:43:37 +0200","Mozilla/5.0 (Windows NT 10.0; Win64; x64) AppleWebKit/537.36 (KHTML, like Gecko) Chrome/69.0.3497.100 Safari/537.36",1366x768,1366x626,1349x128,cnoarrk4g3ahbve7s5hdo26l92-dd-top_left,cnoarrk4g3ahbve7s5hdo26l92,0,4
0,1538390790430,489,219,mouseup,/html,{},"{""topRight"":536,""topLeft"":536,""bottomRight"":536,""bottomLeft"":536,""middle"":536,""inTarget"":false}",0.3579795021961933,0.3498402555910543,117.0,0.0,0.0,20181001124337,"Mon, 01 Oct 2018 12:43:37 +0200","Mozilla/5.0 (Windows NT 10.0; Win64; x64) AppleWebKit/537.36 (KHTML, like Gecko) Chrome/69.0.3497.100 Safari/537.36",1366x768,1366x626,1349x128,cnoarrk4g3ahbve7s5hdo26l92-dd-top_left,cnoarrk4g3ahbve7s5hdo26l92,0,4
0,1538390790430,489,219,click,/html,{},"{""topRight"":536,""topLeft"":536,""bottomRight"":536,""bottomLeft"":536,""middle"":536,""inTarget"":false}",0.3579795021961933,0.3498402555910543,0.0,0.0,0.0,20181001124337,"Mon, 01 Oct 2018 12:43:37 +0200","Mozilla/5.0 (Windows NT 10.0; Win64; x64) AppleWebKit/537.36 (KHTML, like Gecko) Chrome/69.0.3497.100 Safari/537.36",1366x768,1366x626,1349x128,cnoarrk4g3ahbve7s5hdo26l92-dd-top_left,cnoarrk4g3ahbve7s5hdo26l92,0,4
0,1538390791098,490,218,mousemove,/html,{},"{""topRight"":536,""topLeft"":536,""bottomRight"":536,""bottomLeft"":536,""middle"":536,""inTarget"":false}",0.35871156661786235,0.34824281150159747,668.0,0.002117086171217208,0.002117086171217208,20181001124337,"Mon, 01 Oct 2018 12:43:37 +0200","Mozilla/5.0 (Windows NT 10.0; Win64; x64) AppleWebKit/537.36 (KHTML, like Gecko) Chrome/69.0.3497.100 Safari/537.36",1366x768,1366x626,1349x128,cnoarrk4g3ahbve7s5hdo26l92-dd-top_left,cnoarrk4g3ahbve7s5hdo26l92,0,4
0,1538390791460,487,199,mousemove,/html,{},"{""topRight"":526,""topLeft"":526,""bottomRight"":526,""bottomLeft"":526,""middle"":526,""inTarget"":false}",0.35651537335285505,0.31789137380191695,362.0,0.05313642005986559,0.05101933388864838,20181001124337,"Mon, 01 Oct 2018 12:43:37 +0200","Mozilla/5.0 (Windows NT 10.0; Win64; x64) AppleWebKit/537.36 (KHTML, like Gecko) Chrome/69.0.3497.100 Safari/537.36",1366x768,1366x626,1349x128,cnoarrk4g3ahbve7s5hdo26l92-dd-top_left,cnoarrk4g3ahbve7s5hdo26l92,0,4
0,1538390791617,1052,0,mousemove,//*[@id='adblocker'],{},"{""topRight"":1052,""topLeft"":1052,""bottomRight"":1052,""bottomLeft"":1052,""middle"":1052,""inTarget"":false}",0.7701317715959004,0.0,157.0,3.815419539809114,3.762283119749249,20181001124337,"Mon, 01 Oct 2018 12:43:37 +0200","Mozilla/5.0 (Windows NT 10.0; Win64; x64) AppleWebKit/537.36 (KHTML, like Gecko) Chrome/69.0.3497.100 Safari/537.36",1366x768,1366x626,1349x128,cnoarrk4g3ahbve7s5hdo26l92-dd-top_left,cnoarrk4g3ahbve7s5hdo26l92,0,4
0,1538390795857,1199,40,mouseover,//*[@id='adblocker']/h1,{},"{""topRight"":1200,""topLeft"":1200,""bottomRight"":1200,""bottomLeft"":1200,""middle"":1200,""inTarget"":false}",0.8777452415812591,0.06389776357827476,4240.0,0.03593042528301267,-3.7794891145261014,20181001124337,"Mon, 01 Oct 2018 12:43:37 +0200","Mozilla/5.0 (Windows NT 10.0; Win64; x64) AppleWebKit/537.36 (KHTML, like Gecko) Chrome/69.0.3497.100 Safari/537.36",1366x768,1366x626,1349x128,cnoarrk4g3ahbve7s5hdo26l92-dd-top_left,cnoarrk4g3ahbve7s5hdo26l92,0,4
0,1538390795897,0,0,blur,/,{},{},0.0,0.0,40.0,29.991675928497227,29.955745503214214,20181001124337,"Mon, 01 Oct 2018 12:43:37 +0200","Mozilla/5.0 (Windows NT 10.0; Win64; x64) AppleWebKit/537.36 (KHTML, like Gecko) Chrome/69.0.3497.100 Safari/537.36",1366x768,1366x626,1349x128,cnoarrk4g3ahbve7s5hdo26l92-dd-top_left,cnoarrk4g3ahbve7s5hdo26l92,0,4
0,1538390799724,0,0,focus,/,{},{},0.0,0.0,3827.0,0.0,-29.991675928497227,20181001124337,"Mon, 01 Oct 2018 12:43:37 +0200","Mozilla/5.0 (Windows NT 10.0; Win64; x64) AppleWebKit/537.36 (KHTML, like Gecko) Chrome/69.0.3497.100 Safari/537.36",1366x768,1366x626,1349x128,cnoarrk4g3ahbve7s5hdo26l92-dd-top_left,cnoarrk4g3ahbve7s5hdo26l92,0,4
0,1538390799893,1163,84,mousemove,//*[@id='adblocker']/p,{},"{""topRight"":1166,""topLeft"":1166,""bottomRight"":1166,""bottomLeft"":1166,""middle"":1166,""inTarget"":false}",0.8513909224011713,0.134185303514377,169.0,6.8995833607147095,6.8995833607147095,20181001124337,"Mon, 01 Oct 2018 12:43:37 +0200","Mozilla/5.0 (Windows NT 10.0; Win64; x64) AppleWebKit/537.36 (KHTML, like Gecko) Chrome/69.0.3497.100 Safari/537.36",1366x768,1366x626,1349x128,cnoarrk4g3ahbve7s5hdo26l92-dd-top_left,cnoarrk4g3ahbve7s5hdo26l92,0,4
0,1538390800860,0,0,blur,/,{},{},0.0,0.0,967.0,1.2058217041993649,-5.693761656515345,20181001124337,"Mon, 01 Oct 2018 12:43:37 +0200","Mozilla/5.0 (Windows NT 10.0; Win64; x64) AppleWebKit/537.36 (KHTML, like Gecko) Chrome/69.0.3497.100 Safari/537.36",1366x768,1366x626,1349x128,cnoarrk4g3ahbve7s5hdo26l92-dd-top_left,cnoarrk4g3ahbve7s5hdo26l92,0,4
0,1538390804155,1228,4,mouseover,//*[@id='adblocker'],{},"{""topRight"":1228,""topLeft"":1228,""bottomRight"":1228,""bottomLeft"":1228,""middle"":1228,""inTarget"":false}",0.8989751098096632,0.006389776357827476,3295.0,0.3726878648378452,-0.8331338393615196,20181001124337,"Mon, 01 Oct 2018 12:43:37 +0200","Mozilla/5.0 (Windows NT 10.0; Win64; x64) AppleWebKit/537.36 (KHTML, like Gecko) Chrome/69.0.3497.100 Safari/537.36",1366x768,1366x626,1349x128,cnoarrk4g3ahbve7s5hdo26l92-dd-top_left,cnoarrk4g3ahbve7s5hdo26l92,0,4
0,1538390804962,0,0,focus,/,{},{},0.0,0.0,807.0,1.5216933266923174,1.1490054618544723,20181001124337,"Mon, 01 Oct 2018 12:43:37 +0200","Mozilla/5.0 (Windows NT 10.0; Win64; x64) AppleWebKit/537.36 (KHTML, like Gecko) Chrome/69.0.3497.100 Safari/537.36",1366x768,1366x626,1349x128,cnoarrk4g3ahbve7s5hdo26l92-dd-top_left,cnoarrk4g3ahbve7s5hdo26l92,0,4
0,1538390805112,861,127,mouseover,//*[@id='adblocker'],{},"{""topRight"":870,""topLeft"":870,""bottomRight"":870,""bottomLeft"":870,""middle"":870,""inTarget"":false}",0.6303074670571011,0.20287539936102236,150.0,5.802106897019775,4.2804135703274575,20181001124337,"Mon, 01 Oct 2018 12:43:37 +0200","Mozilla/5.0 (Windows NT 10.0; Win64; x64) AppleWebKit/537.36 (KHTML, like Gecko) Chrome/69.0.3497.100 Safari/537.36",1366x768,1366x626,1349x128,cnoarrk4g3ahbve7s5hdo26l92-dd-top_left,cnoarrk4g3ahbve7s5hdo26l92,0,4
0,1538390805264,620,199,mousemove,/html,{},"{""topRight"":651,""topLeft"":651,""bottomRight"":651,""bottomLeft"":651,""middle"":651,""inTarget"":false}",0.4538799414348463,0.31789137380191695,152.0,1.6547720173373976,-4.1473348796823775,20181001124337,"Mon, 01 Oct 2018 12:43:37 +0200","Mozilla/5.0 (Windows NT 10.0; Win64; x64) AppleWebKit/537.36 (KHTML, like Gecko) Chrome/69.0.3497.100 Safari/537.36",1366x768,1366x626,1349x128,cnoarrk4g3ahbve7s5hdo26l92-dd-top_left,cnoarrk4g3ahbve7s5hdo26l92,0,4
0,1538390805414,518,244,mousemove,/html,{},"{""topRight"":573,""topLeft"":573,""bottomRight"":573,""bottomLeft"":573,""middle"":573,""inTarget"":false}",0.37920937042459735,0.38977635782747605,150.0,0.7432361670424819,-0.9115358502949158,20181001124337,"Mon, 01 Oct 2018 12:43:37 +0200","Mozilla/5.0 (Windows NT 10.0; Win64; x64) AppleWebKit/537.36 (KHTML, like Gecko) Chrome/69.0.3497.100 Safari/537.36",1366x768,1366x626,1349x128,cnoarrk4g3ahbve7s5hdo26l92-dd-top_left,cnoarrk4g3ahbve7s5hdo26l92,0,4
0,1538390805691,294,182,mousemove,/html,{},"{""topRight"":346,""topLeft"":346,""bottomRight"":346,""bottomLeft"":346,""middle"":346,""inTarget"":false}",0.21522693997071743,0.29073482428115016,277.0,0.8390687001332965,0.09583253309081463,20181001124337,"Mon, 01 Oct 2018 12:43:37 +0200","Mozilla/5.0 (Windows NT 10.0; Win64; x64) AppleWebKit/537.36 (KHTML, like Gecko) Chrome/69.0.3497.100 Safari/537.36",1366x768,1366x626,1349x128,cnoarrk4g3ahbve7s5hdo26l92-dd-top_left,cnoarrk4g3ahbve7s5hdo26l92,0,4
0,1538390805849,174,4,mouseover,//*[@id='adblocker'],{},"{""topRight"":174,""topLeft"":174,""bottomRight"":174,""bottomLeft"":174,""middle"":174,""inTarget"":false}",0.1273792093704246,0.006389776357827476,158.0,1.3586825480234435,0.519613847890147,20181001124337,"Mon, 01 Oct 2018 12:43:37 +0200","Mozilla/5.0 (Windows NT 10.0; Win64; x64) AppleWebKit/537.36 (KHTML, like Gecko) Chrome/69.0.3497.100 Safari/537.36",1366x768,1366x626,1349x128,cnoarrk4g3ahbve7s5hdo26l92-dd-top_left,cnoarrk4g3ahbve7s5hdo26l92,0,4
0,1538390806412,0,0,beforeunload,/,{},{},0.0,0.0,563.0,0.3091402680971846,-1.0495422799262588,20181001124337,"Mon, 01 Oct 2018 12:43:37 +0200","Mozilla/5.0 (Windows NT 10.0; Win64; x64) AppleWebKit/537.36 (KHTML, like Gecko) Chrome/69.0.3497.100 Safari/537.36",1366x768,1366x626,1349x128,cnoarrk4g3ahbve7s5hdo26l92-dd-top_left,cnoarrk4g3ahbve7s5hdo26l92,0,4
0,1538390806606,114,4,mouseover,//*[@id='adblocker'],{},"{""topRight"":114,""topLeft"":114,""bottomRight"":114,""bottomLeft"":114,""middle"":114,""inTarget"":false}",0.08345534407027819,0.006389776357827476,194.0,0.5879904837772866,0.278850215680102,20181001124337,"Mon, 01 Oct 2018 12:43:37 +0200","Mozilla/5.0 (Windows NT 10.0; Win64; x64) AppleWebKit/537.36 (KHTML, like Gecko) Chrome/69.0.3497.100 Safari/537.36",1366x768,1366x626,1349x128,cnoarrk4g3ahbve7s5hdo26l92-dd-top_left,cnoarrk4g3ahbve7s5hdo26l92,0,4
0,1538390806658,0,0,unload,/,{},{},0.0,0.0,52.0,2.193656804861415,1.6056663210841284,20181001124337,"Mon, 01 Oct 2018 12:43:37 +0200","Mozilla/5.0 (Windows NT 10.0; Win64; x64) AppleWebKit/537.36 (KHTML, like Gecko) Chrome/69.0.3497.100 Safari/537.36",1366x768,1366x626,1349x128,cnoarrk4g3ahbve7s5hdo26l92-dd-top_left,cnoarrk4g3ahbve7s5hdo26l92,0,4
