cursor,timestamp,xpos,ypos,event,xpath,attrs,extras,xpos_scaled,ypos_scaled,timestamp_diff,speed,acceleration,log_id,date,ua,screen,window,document,task,user_id,ad_clicked,attention
0,1536059863251,0,0,load,/,{},{},0.0,0.0,1.0,0.0,0.0,20180904131445,"Tue, 04 Sep 2018 13:14:45 +0200","Mozilla/5.0 (Windows NT 10.0; Win64; x64) AppleWebKit/537.36 (KHTML, like Gecko) Chrome/68.0.3440.106 Safari/537.36",1600x900,1540x743,1523x2131,n3768055t2oia0brtf5mpif4g2-native-top_left,n3768055t2oia0brtf5mpif4g2,1,4
0,1536059866406,377,0,mouseover,//*[@id='searchform']/div/div,{},"{""topRight"":413,""topLeft"":268,""bottomRight"":636,""bottomLeft"":553,""middle"":307,""inTarget"":false}",0.2448051948051948,0.0,3155.0,0.11949286846275753,0.11949286846275753,20180904131445,"Tue, 04 Sep 2018 13:14:45 +0200","Mozilla/5.0 (Windows NT 10.0; Win64; x64) AppleWebKit/537.36 (KHTML, like Gecko) Chrome/68.0.3440.106 Safari/537.36",1600x900,1540x743,1523x2131,n3768055t2oia0brtf5mpif4g2-native-top_left,n3768055t2oia0brtf5mpif4g2,1,4
0,1536059866572,496,99,mousemove,//*[@id='slim_appbar'],{},"{""topRight"":282,""topLeft"":368,""bottomRight"":485,""bottomLeft"":540,""middle"":203,""inTarget"":false}",0.3220779220779221,0.13324360699865412,166.0,0.9325098842796712,0.8130170158169137,20180904131445,"Tue, 04 Sep 2018 13:14:45 +0200","Mozilla/5.0 (Windows NT 10.0; Win64; x64) AppleWebKit/537.36 (KHTML, like Gecko) Chrome/68.0.3440.106 Safari/537.36",1600x900,1540x743,1523x2131,n3768055t2oia0brtf5mpif4g2-native-top_left,n3768055t2oia0brtf5mpif4g2,1,4
0,1536059866737,485,113,mouseover,//*[@id='vs0p1c0'],{},"{""topRight"":293,""topLeft"":357,""bottomRight"":481,""bottomLeft"":522,""middle"":187,""inTarget"":true}",0.31493506493506496,0.15208613728129206,165.0,0.10790602311978702,-0.8246038611598842,20180904131445,"Tue, 04 Sep 2018 13:14:45 +0200","Mozilla/5.0 (Windows NT 10.0; Win64; x64) AppleWebKit/537.36 (KHTML, like Gecko) Chrome/68.0.3440.106 Safari/537.36",1600x900,1540x743,1523x2131,n3768055t2oia0brtf5mpif4g2-native-top_left,n3768055t2oia0brtf5mpif4g2,1,4
0,1536059866959,481,122,mousedown,//*[@id='vs0p1c0'],{},"{""topRight"":298,""topLeft"":354,""bottomRight"":476,""bottomLeft"":513,""middle"":177,""inTarget"":true}",0.31233766233766236,0.1641991924629879,222.0,0.04436422433241488,-0.06354179878737214,20180904131445,"Tue, 04 Sep 2018 13:14:45 +0200","Mozilla/5.0 (Windows NT 10.0; Win64; x64) AppleWebKit/537.36 (KHTML, like Gecko) Chrome/68.0.3440.106 Safari/537.36",1600x900,1540x743,1523x2131,n3768055t2oia0brtf5mpif4g2-native-top_left,n3768055t2oia0brtf5mpif4g2,1,4
0,1536059867038,481,122,mouseup,//*[@id='vs0p1c0'],{},"{""topRight"":298,""topLeft"":354,""bottomRight"":476,""bottomLeft"":513,""middle"":177,""inTarget"":true}",0.31233766233766236,0.1641991924629879,79.0,0.0,-0.04436422433241488,20180904131445,"Tue, 04 Sep 2018 13:14:45 +0200","Mozilla/5.0 (Windows NT 10.0; Win64; x64) AppleWebKit/537.36 (KHTML, like Gecko) Chrome/68.0.3440.106 Safari/537.36",1600x900,1540x743,1523x2131,n3768055t2oia0brtf5mpif4g2-native-top_left,n3768055t2oia0brtf5mpif4g2,1,4
0,1536059867061,481,122,click,//*[@id='vs0p1c0'],{},"{""topRight"":298,""topLeft"":354,""bottomRight"":476,""bottomLeft"":513,""middle"":177,""inTarget"":true}",0.31233766233766236,0.1641991924629879,23.0,0.0,0.0,20180904131445,"Tue, 04 Sep 2018 13:14:45 +0200","Mozilla/5.0 (Windows NT 10.0; Win64; x64) AppleWebKit/537.36 (KHTML, like Gecko) Chrome/68.0.3440.106 Safari/537.36",1600x900,1540x743,1523x2131,n3768055t2oia0brtf5mpif4g2-native-top_left,n3768055t2oia0brtf5mpif4g2,1,4
0,1536059867069,0,0,beforeunload,/,{},{},0.0,0.0,8.0,62.028849134898515,62.028849134898515,20180904131445,"Tue, 04 Sep 2018 13:14:45 +0200","Mozilla/5.0 (Windows NT 10.0; Win64; x64) AppleWebKit/537.36 (KHTML, like Gecko) Chrome/68.0.3440.106 Safari/537.36",1600x900,1540x743,1523x2131,n3768055t2oia0brtf5mpif4g2-native-top_left,n3768055t2oia0brtf5mpif4g2,1,4
0,1536059867173,0,0,unload,/,{},{},0.0,0.0,104.0,0.0,-62.028849134898515,20180904131445,"Tue, 04 Sep 2018 13:14:45 +0200","Mozilla/5.0 (Windows NT 10.0; Win64; x64) AppleWebKit/537.36 (KHTML, like Gecko) Chrome/68.0.3440.106 Safari/537.36",1600x900,1540x743,1523x2131,n3768055t2oia0brtf5mpif4g2-native-top_left,n3768055t2oia0brtf5mpif4g2,1,4
