cursor,timestamp,xpos,ypos,event,xpath,attrs,extras,xpos_scaled,ypos_scaled,timestamp_diff,speed,acceleration,log_id,date,ua,screen,window,document,task,user_id,ad_clicked,attention
0,1537484323999,0,0,load,/,{},{},0.0,0.0,1.0,0.0,0.0,20180921005553,"Fri, 21 Sep 2018 00:55:53 +0200","Mozilla/5.0 (Windows NT 6.3; Win64; x64) AppleWebKit/537.36 (KHTML, like Gecko) Chrome/56.0.2924.87 Safari/537.36",1366x768,1366x672,1349x1843,fen1cqf4oi7cp7gbec91ao1rv6-dd-top_right,fen1cqf4oi7cp7gbec91ao1rv6,0,4
0,1537484324465,588,265,mouseover,//*[@id='rso']/div[2]/div/div/div[1]/div[2]/div[1]/div/div/div,{},"{""topRight"":675,""topLeft"":257,""bottomRight"":695,""bottomLeft"":307,""middle"":431,""inTarget"":false}",0.43045387994143486,0.3943452380952381,466.0,1.3840270122024338,1.3840270122024338,20180921005553,"Fri, 21 Sep 2018 00:55:53 +0200","Mozilla/5.0 (Windows NT 6.3; Win64; x64) AppleWebKit/537.36 (KHTML, like Gecko) Chrome/56.0.2924.87 Safari/537.36",1366x768,1366x672,1349x1843,fen1cqf4oi7cp7gbec91ao1rv6-dd-top_right,fen1cqf4oi7cp7gbec91ao1rv6,0,4
0,1537484334813,580,276,mousemove,//*[@id='rso']/div[2]/div/div/div[1]/div[2]/div[1]/div/div/div,{},"{""topRight"":685,""topLeft"":270,""bottomRight"":699,""bottomLeft"":304,""middle"":438,""inTarget"":false}",0.424597364568082,0.4107142857142857,10348.0,0.0013144057314201242,-1.3827126064710138,20180921005553,"Fri, 21 Sep 2018 00:55:53 +0200","Mozilla/5.0 (Windows NT 6.3; Win64; x64) AppleWebKit/537.36 (KHTML, like Gecko) Chrome/56.0.2924.87 Safari/537.36",1366x768,1366x672,1349x1843,fen1cqf4oi7cp7gbec91ao1rv6-dd-top_right,fen1cqf4oi7cp7gbec91ao1rv6,0,4
0,1537484334963,548,351,mousemove,//*[@id='nmtbi4']/div[2]/div,{},"{""topRight"":738,""topLeft"":344,""bottomRight"":711,""bottomLeft"":282,""middle"":472,""inTarget"":false}",0.4011713030746706,0.5223214285714286,150.0,0.543609336850565,0.5422949311191448,20180921005553,"Fri, 21 Sep 2018 00:55:53 +0200","Mozilla/5.0 (Windows NT 6.3; Win64; x64) AppleWebKit/537.36 (KHTML, like Gecko) Chrome/56.0.2924.87 Safari/537.36",1366x768,1366x672,1349x1843,fen1cqf4oi7cp7gbec91ao1rv6-dd-top_right,fen1cqf4oi7cp7gbec91ao1rv6,0,4
0,1537484335114,524,390,mouseover,//*[@id='nmtbi8'],{},"{""topRight"":774,""topLeft"":389,""bottomRight"":728,""bottomLeft"":286,""middle"":501,""inTarget"":false}",0.383601756954612,0.5803571428571429,151.0,0.3032649838902069,-0.2403443529603581,20180921005553,"Fri, 21 Sep 2018 00:55:53 +0200","Mozilla/5.0 (Windows NT 6.3; Win64; x64) AppleWebKit/537.36 (KHTML, like Gecko) Chrome/56.0.2924.87 Safari/537.36",1366x768,1366x672,1349x1843,fen1cqf4oi7cp7gbec91ao1rv6-dd-top_right,fen1cqf4oi7cp7gbec91ao1rv6,0,4
0,1537484335265,504,418,mouseover,//*[@id='nmtbi8'],{},"{""topRight"":803,""topLeft"":423,""bottomRight"":744,""bottomLeft"":296,""middle"":526,""inTarget"":false}",0.3689604685212299,0.6220238095238095,151.0,0.22787616601437422,-0.07538881787583268,20180921005553,"Fri, 21 Sep 2018 00:55:53 +0200","Mozilla/5.0 (Windows NT 6.3; Win64; x64) AppleWebKit/537.36 (KHTML, like Gecko) Chrome/56.0.2924.87 Safari/537.36",1366x768,1366x672,1349x1843,fen1cqf4oi7cp7gbec91ao1rv6-dd-top_right,fen1cqf4oi7cp7gbec91ao1rv6,0,4
0,1537484335664,498,425,mousemove,//*[@id='rso'],{},"{""topRight"":811,""topLeft"":432,""bottomRight"":749,""bottomLeft"":301,""middle"":534,""inTarget"":false}",0.3645680819912152,0.6324404761904762,399.0,0.0231066277125135,-0.2047695383018607,20180921005553,"Fri, 21 Sep 2018 00:55:53 +0200","Mozilla/5.0 (Windows NT 6.3; Win64; x64) AppleWebKit/537.36 (KHTML, like Gecko) Chrome/56.0.2924.87 Safari/537.36",1366x768,1366x672,1349x1843,fen1cqf4oi7cp7gbec91ao1rv6-dd-top_right,fen1cqf4oi7cp7gbec91ao1rv6,0,4
0,1537484335814,498,434,mousemove,//*[@id='rso'],{},"{""topRight"":815,""topLeft"":439,""bottomRight"":749,""bottomLeft"":299,""middle"":536,""inTarget"":false}",0.3645680819912152,0.6458333333333334,150.0,0.06,0.0368933722874865,20180921005553,"Fri, 21 Sep 2018 00:55:53 +0200","Mozilla/5.0 (Windows NT 6.3; Win64; x64) AppleWebKit/537.36 (KHTML, like Gecko) Chrome/56.0.2924.87 Safari/537.36",1366x768,1366x672,1349x1843,fen1cqf4oi7cp7gbec91ao1rv6-dd-top_right,fen1cqf4oi7cp7gbec91ao1rv6,0,4
0,1537484335996,495,438,mousemove,//*[@id='rso'],{},"{""topRight"":819,""topLeft"":444,""bottomRight"":751,""bottomLeft"":301,""middle"":540,""inTarget"":false}",0.3623718887262079,0.6517857142857143,182.0,0.027472527472527472,-0.032527472527472526,20180921005553,"Fri, 21 Sep 2018 00:55:53 +0200","Mozilla/5.0 (Windows NT 6.3; Win64; x64) AppleWebKit/537.36 (KHTML, like Gecko) Chrome/56.0.2924.87 Safari/537.36",1366x768,1366x672,1349x1843,fen1cqf4oi7cp7gbec91ao1rv6-dd-top_right,fen1cqf4oi7cp7gbec91ao1rv6,0,4
0,1537484336231,481,443,mousemove,//*[@id='rso'],{},"{""topRight"":834,""topLeft"":457,""bottomRight"":765,""bottomLeft"":314,""middle"":554,""inTarget"":false}",0.35212298682284043,0.6592261904761905,235.0,0.06325986700986598,0.03578733953733851,20180921005553,"Fri, 21 Sep 2018 00:55:53 +0200","Mozilla/5.0 (Windows NT 6.3; Win64; x64) AppleWebKit/537.36 (KHTML, like Gecko) Chrome/56.0.2924.87 Safari/537.36",1366x768,1366x672,1349x1843,fen1cqf4oi7cp7gbec91ao1rv6-dd-top_right,fen1cqf4oi7cp7gbec91ao1rv6,0,4
0,1537484336546,473,429,mousemove,//*[@id='rso'],{},"{""topRight"":836,""topLeft"":453,""bottomRight"":774,""bottomLeft"":324,""middle"":559,""inTarget"":false}",0.3462664714494876,0.6383928571428571,315.0,0.05118893808443523,-0.012070928925430748,20180921005553,"Fri, 21 Sep 2018 00:55:53 +0200","Mozilla/5.0 (Windows NT 6.3; Win64; x64) AppleWebKit/537.36 (KHTML, like Gecko) Chrome/56.0.2924.87 Safari/537.36",1366x768,1366x672,1349x1843,fen1cqf4oi7cp7gbec91ao1rv6-dd-top_right,fen1cqf4oi7cp7gbec91ao1rv6,0,4
0,1537484336699,428,163,mouseover,//*[@id='rso']/div[1]/div/div/div/span,{},"{""topRight"":818,""topLeft"":366,""bottomRight"":881,""bottomLeft"":492,""middle"":605,""inTarget"":false}",0.31332357247437775,0.2425595238095238,153.0,1.7632649648659264,1.7120760267814912,20180921005553,"Fri, 21 Sep 2018 00:55:53 +0200","Mozilla/5.0 (Windows NT 6.3; Win64; x64) AppleWebKit/537.36 (KHTML, like Gecko) Chrome/56.0.2924.87 Safari/537.36",1366x768,1366x672,1349x1843,fen1cqf4oi7cp7gbec91ao1rv6-dd-top_right,fen1cqf4oi7cp7gbec91ao1rv6,0,4
0,1537484336898,428,151,mousemove,//*[@id='rso']/div[1]/div/div/div/span,{},"{""topRight"":817,""topLeft"":365,""bottomRight"":886,""bottomLeft"":500,""middle"":608,""inTarget"":false}",0.31332357247437775,0.22470238095238096,199.0,0.06030150753768844,-1.702963457328238,20180921005553,"Fri, 21 Sep 2018 00:55:53 +0200","Mozilla/5.0 (Windows NT 6.3; Win64; x64) AppleWebKit/537.36 (KHTML, like Gecko) Chrome/56.0.2924.87 Safari/537.36",1366x768,1366x672,1349x1843,fen1cqf4oi7cp7gbec91ao1rv6-dd-top_right,fen1cqf4oi7cp7gbec91ao1rv6,0,4
0,1537484337234,431,127,mousedown,//*[@id='rso']/div[1]/div/h3/a,{},"{""topRight"":813,""topLeft"":360,""bottomRight"":893,""bottomLeft"":515,""middle"":611,""inTarget"":false}",0.31551976573938506,0.18898809523809523,336.0,0.07198444418123705,0.011682936643548608,20180921005553,"Fri, 21 Sep 2018 00:55:53 +0200","Mozilla/5.0 (Windows NT 6.3; Win64; x64) AppleWebKit/537.36 (KHTML, like Gecko) Chrome/56.0.2924.87 Safari/537.36",1366x768,1366x672,1349x1843,fen1cqf4oi7cp7gbec91ao1rv6-dd-top_right,fen1cqf4oi7cp7gbec91ao1rv6,0,4
0,1537484337360,431,127,mouseup,//*[@id='rso']/div[1]/div/h3/a,{},"{""topRight"":813,""topLeft"":360,""bottomRight"":893,""bottomLeft"":515,""middle"":611,""inTarget"":false}",0.31551976573938506,0.18898809523809523,126.0,0.0,-0.07198444418123705,20180921005553,"Fri, 21 Sep 2018 00:55:53 +0200","Mozilla/5.0 (Windows NT 6.3; Win64; x64) AppleWebKit/537.36 (KHTML, like Gecko) Chrome/56.0.2924.87 Safari/537.36",1366x768,1366x672,1349x1843,fen1cqf4oi7cp7gbec91ao1rv6-dd-top_right,fen1cqf4oi7cp7gbec91ao1rv6,0,4
0,1537484337362,431,127,click,//*[@id='rso']/div[1]/div/h3/a,{},"{""topRight"":813,""topLeft"":360,""bottomRight"":893,""bottomLeft"":515,""middle"":611,""inTarget"":false}",0.31551976573938506,0.18898809523809523,2.0,0.0,0.0,20180921005553,"Fri, 21 Sep 2018 00:55:53 +0200","Mozilla/5.0 (Windows NT 6.3; Win64; x64) AppleWebKit/537.36 (KHTML, like Gecko) Chrome/56.0.2924.87 Safari/537.36",1366x768,1366x672,1349x1843,fen1cqf4oi7cp7gbec91ao1rv6-dd-top_right,fen1cqf4oi7cp7gbec91ao1rv6,0,4
0,1537484337363,0,0,beforeunload,/,{},{},0.0,0.0,1.0,449.32171102674306,449.32171102674306,20180921005553,"Fri, 21 Sep 2018 00:55:53 +0200","Mozilla/5.0 (Windows NT 6.3; Win64; x64) AppleWebKit/537.36 (KHTML, like Gecko) Chrome/56.0.2924.87 Safari/537.36",1366x768,1366x672,1349x1843,fen1cqf4oi7cp7gbec91ao1rv6-dd-top_right,fen1cqf4oi7cp7gbec91ao1rv6,0,4
0,1537484338183,0,0,unload,/,{},{},0.0,0.0,820.0,0.0,-449.32171102674306,20180921005553,"Fri, 21 Sep 2018 00:55:53 +0200","Mozilla/5.0 (Windows NT 6.3; Win64; x64) AppleWebKit/537.36 (KHTML, like Gecko) Chrome/56.0.2924.87 Safari/537.36",1366x768,1366x672,1349x1843,fen1cqf4oi7cp7gbec91ao1rv6-dd-top_right,fen1cqf4oi7cp7gbec91ao1rv6,0,4
