cursor,timestamp,xpos,ypos,event,xpath,attrs,extras,xpos_scaled,ypos_scaled,timestamp_diff,speed,acceleration,log_id,date,ua,screen,window,document,task,user_id,ad_clicked,attention
0,1538415142007,0,0,load,/,{},{},0.0,0.0,1.0,0.0,0.0,20181001193012,"Mon, 01 Oct 2018 19:30:12 +0200","Mozilla/5.0 (Windows NT 6.3; Win64; x64) AppleWebKit/537.36 (KHTML, like Gecko) Chrome/68.0.3550.0 Iron Safari/537.36",1366x768,1366x631,1349x1611,m98csej2tpubm97mqmt7v4mom1-dd-top_right,m98csej2tpubm97mqmt7v4mom1,0,2
0,1538415143622,370,321,mousemove,//*[@id='rso']/div[1]/div/div[2]/div/div/div/span,{},"{""topRight"":924,""topLeft"":488,""bottomRight"":906,""bottomLeft"":455,""middle"":680,""inTarget"":false}",0.2708638360175695,0.508716323296355,1615.0,0.3033050948808198,0.3033050948808198,20181001193012,"Mon, 01 Oct 2018 19:30:12 +0200","Mozilla/5.0 (Windows NT 6.3; Win64; x64) AppleWebKit/537.36 (KHTML, like Gecko) Chrome/68.0.3550.0 Iron Safari/537.36",1366x768,1366x631,1349x1611,m98csej2tpubm97mqmt7v4mom1-dd-top_right,m98csej2tpubm97mqmt7v4mom1,0,2
0,1538415144061,0,0,blur,/,{},{},0.0,0.0,439.0,1.1158034811674804,0.8124983862866606,20181001193012,"Mon, 01 Oct 2018 19:30:12 +0200","Mozilla/5.0 (Windows NT 6.3; Win64; x64) AppleWebKit/537.36 (KHTML, like Gecko) Chrome/68.0.3550.0 Iron Safari/537.36",1366x768,1366x631,1349x1611,m98csej2tpubm97mqmt7v4mom1-dd-top_right,m98csej2tpubm97mqmt7v4mom1,0,2
0,1538415150959,0,0,focus,/,{},{},0.0,0.0,6898.0,0.0,-1.1158034811674804,20181001193012,"Mon, 01 Oct 2018 19:30:12 +0200","Mozilla/5.0 (Windows NT 6.3; Win64; x64) AppleWebKit/537.36 (KHTML, like Gecko) Chrome/68.0.3550.0 Iron Safari/537.36",1366x768,1366x631,1349x1611,m98csej2tpubm97mqmt7v4mom1-dd-top_right,m98csej2tpubm97mqmt7v4mom1,0,2
0,1538415151902,393,7,mouseover,//*[@id='searchform']/div/div,{},"{""topRight"":890,""topLeft"":445,""bottomRight"":959,""bottomLeft"":570,""middle"":701,""inTarget"":false}",0.287701317715959,0.011093502377179081,943.0,0.41682114106381857,0.41682114106381857,20181001193012,"Mon, 01 Oct 2018 19:30:12 +0200","Mozilla/5.0 (Windows NT 6.3; Win64; x64) AppleWebKit/537.36 (KHTML, like Gecko) Chrome/68.0.3550.0 Iron Safari/537.36",1366x768,1366x631,1349x1611,m98csej2tpubm97mqmt7v4mom1-dd-top_right,m98csej2tpubm97mqmt7v4mom1,0,2
0,1538415153462,26,358,mousemove,//*[@id='rhscol'],{},"{""topRight"":1268,""topLeft"":826,""bottomRight"":1248,""bottomLeft"":794,""middle"":1026,""inTarget"":false}",0.01903367496339678,0.5673534072900158,1560.0,0.3255312251792943,-0.09128991588452429,20181001193012,"Mon, 01 Oct 2018 19:30:12 +0200","Mozilla/5.0 (Windows NT 6.3; Win64; x64) AppleWebKit/537.36 (KHTML, like Gecko) Chrome/68.0.3550.0 Iron Safari/537.36",1366x768,1366x631,1349x1611,m98csej2tpubm97mqmt7v4mom1-dd-top_right,m98csej2tpubm97mqmt7v4mom1,0,2
0,1538415153612,783,298,mouseover,//*[@id='rhscol'],{},"{""topRight"":519,""topLeft"":171,""bottomRight"":499,""bottomLeft"":95,""middle"":267,""inTarget"":false}",0.5732064421669106,0.4722662440570523,150.0,5.062493895743919,4.736962670564624,20181001193012,"Mon, 01 Oct 2018 19:30:12 +0200","Mozilla/5.0 (Windows NT 6.3; Win64; x64) AppleWebKit/537.36 (KHTML, like Gecko) Chrome/68.0.3550.0 Iron Safari/537.36",1366x768,1366x631,1349x1611,m98csej2tpubm97mqmt7v4mom1-dd-top_right,m98csej2tpubm97mqmt7v4mom1,0,2
0,1538415153928,789,297,mousemove,//*[@id='rhscol'],{},"{""topRight"":513,""topLeft"":169,""bottomRight"":493,""bottomLeft"":93,""middle"":261,""inTarget"":false}",0.5775988286969254,0.4706814580031696,316.0,0.01924924851360196,-5.043244647230317,20181001193012,"Mon, 01 Oct 2018 19:30:12 +0200","Mozilla/5.0 (Windows NT 6.3; Win64; x64) AppleWebKit/537.36 (KHTML, like Gecko) Chrome/68.0.3550.0 Iron Safari/537.36",1366x768,1366x631,1349x1611,m98csej2tpubm97mqmt7v4mom1-dd-top_right,m98csej2tpubm97mqmt7v4mom1,0,2
0,1538415154094,1365,94,mousemove,/html,{},"{""topRight"":98,""topLeft"":546,""bottomRight"":305,""bottomLeft"":618,""middle"":358,""inTarget"":false}",0.9992679355783309,0.14896988906497624,166.0,3.6790661386797323,3.6598168901661303,20181001193012,"Mon, 01 Oct 2018 19:30:12 +0200","Mozilla/5.0 (Windows NT 6.3; Win64; x64) AppleWebKit/537.36 (KHTML, like Gecko) Chrome/68.0.3550.0 Iron Safari/537.36",1366x768,1366x631,1349x1611,m98csej2tpubm97mqmt7v4mom1-dd-top_right,m98csej2tpubm97mqmt7v4mom1,0,2
0,1538415154593,1365,94,mousedown,/html,{},"{""topRight"":98,""topLeft"":546,""bottomRight"":305,""bottomLeft"":618,""middle"":358,""inTarget"":false}",0.9992679355783309,0.14896988906497624,499.0,0.0,-3.6790661386797323,20181001193012,"Mon, 01 Oct 2018 19:30:12 +0200","Mozilla/5.0 (Windows NT 6.3; Win64; x64) AppleWebKit/537.36 (KHTML, like Gecko) Chrome/68.0.3550.0 Iron Safari/537.36",1366x768,1366x631,1349x1611,m98csej2tpubm97mqmt7v4mom1-dd-top_right,m98csej2tpubm97mqmt7v4mom1,0,2
0,1538415154759,0,0,scroll,/,{},{},0.0,0.0,166.0,8.242366276076474,8.242366276076474,20181001193012,"Mon, 01 Oct 2018 19:30:12 +0200","Mozilla/5.0 (Windows NT 6.3; Win64; x64) AppleWebKit/537.36 (KHTML, like Gecko) Chrome/68.0.3550.0 Iron Safari/537.36",1366x768,1366x631,1349x1611,m98csej2tpubm97mqmt7v4mom1-dd-top_right,m98csej2tpubm97mqmt7v4mom1,0,2
0,1538415154925,0,0,scroll,/,{},{},0.0,0.0,166.0,0.0,-8.242366276076474,20181001193012,"Mon, 01 Oct 2018 19:30:12 +0200","Mozilla/5.0 (Windows NT 6.3; Win64; x64) AppleWebKit/537.36 (KHTML, like Gecko) Chrome/68.0.3550.0 Iron Safari/537.36",1366x768,1366x631,1349x1611,m98csej2tpubm97mqmt7v4mom1-dd-top_right,m98csej2tpubm97mqmt7v4mom1,0,2
0,1538415154951,1365,301,mouseup,/html,{},"{""topRight"":193,""topLeft"":571,""bottomRight"":124,""bottomLeft"":551,""middle"":321,""inTarget"":false}",0.9992679355783309,0.47702060221870046,26.0,53.761279262392875,53.761279262392875,20181001193012,"Mon, 01 Oct 2018 19:30:12 +0200","Mozilla/5.0 (Windows NT 6.3; Win64; x64) AppleWebKit/537.36 (KHTML, like Gecko) Chrome/68.0.3550.0 Iron Safari/537.36",1366x768,1366x631,1349x1611,m98csej2tpubm97mqmt7v4mom1-dd-top_right,m98csej2tpubm97mqmt7v4mom1,0,2
0,1538415155932,1365,301,mousedown,/html,{},"{""topRight"":193,""topLeft"":571,""bottomRight"":124,""bottomLeft"":551,""middle"":321,""inTarget"":false}",0.9992679355783309,0.47702060221870046,981.0,0.0,-53.761279262392875,20181001193012,"Mon, 01 Oct 2018 19:30:12 +0200","Mozilla/5.0 (Windows NT 6.3; Win64; x64) AppleWebKit/537.36 (KHTML, like Gecko) Chrome/68.0.3550.0 Iron Safari/537.36",1366x768,1366x631,1349x1611,m98csej2tpubm97mqmt7v4mom1-dd-top_right,m98csej2tpubm97mqmt7v4mom1,0,2
0,1538415156136,0,0,scroll,/,{},{},0.0,0.0,204.0,6.851927749128504,6.851927749128504,20181001193012,"Mon, 01 Oct 2018 19:30:12 +0200","Mozilla/5.0 (Windows NT 6.3; Win64; x64) AppleWebKit/537.36 (KHTML, like Gecko) Chrome/68.0.3550.0 Iron Safari/537.36",1366x768,1366x631,1349x1611,m98csej2tpubm97mqmt7v4mom1-dd-top_right,m98csej2tpubm97mqmt7v4mom1,0,2
0,1538415156303,0,0,scroll,/,{},{},0.0,0.0,167.0,0.0,-6.851927749128504,20181001193012,"Mon, 01 Oct 2018 19:30:12 +0200","Mozilla/5.0 (Windows NT 6.3; Win64; x64) AppleWebKit/537.36 (KHTML, like Gecko) Chrome/68.0.3550.0 Iron Safari/537.36",1366x768,1366x631,1349x1611,m98csej2tpubm97mqmt7v4mom1-dd-top_right,m98csej2tpubm97mqmt7v4mom1,0,2
0,1538415156453,0,0,scroll,/,{},{},0.0,0.0,150.0,0.0,0.0,20181001193012,"Mon, 01 Oct 2018 19:30:12 +0200","Mozilla/5.0 (Windows NT 6.3; Win64; x64) AppleWebKit/537.36 (KHTML, like Gecko) Chrome/68.0.3550.0 Iron Safari/537.36",1366x768,1366x631,1349x1611,m98csej2tpubm97mqmt7v4mom1-dd-top_right,m98csej2tpubm97mqmt7v4mom1,0,2
0,1538415156603,0,0,scroll,/,{},{},0.0,0.0,150.0,0.0,0.0,20181001193012,"Mon, 01 Oct 2018 19:30:12 +0200","Mozilla/5.0 (Windows NT 6.3; Win64; x64) AppleWebKit/537.36 (KHTML, like Gecko) Chrome/68.0.3550.0 Iron Safari/537.36",1366x768,1366x631,1349x1611,m98csej2tpubm97mqmt7v4mom1-dd-top_right,m98csej2tpubm97mqmt7v4mom1,0,2
0,1538415156769,0,0,scroll,/,{},{},0.0,0.0,166.0,0.0,0.0,20181001193012,"Mon, 01 Oct 2018 19:30:12 +0200","Mozilla/5.0 (Windows NT 6.3; Win64; x64) AppleWebKit/537.36 (KHTML, like Gecko) Chrome/68.0.3550.0 Iron Safari/537.36",1366x768,1366x631,1349x1611,m98csej2tpubm97mqmt7v4mom1-dd-top_right,m98csej2tpubm97mqmt7v4mom1,0,2
0,1538415156901,1365,472,mouseup,/html,{},"{""topRight"":353,""topLeft"":643,""bottomRight"":126,""bottomLeft"":552,""middle"":383,""inTarget"":false}",0.9992679355783309,0.7480190174326465,132.0,10.941683740039005,10.941683740039005,20181001193012,"Mon, 01 Oct 2018 19:30:12 +0200","Mozilla/5.0 (Windows NT 6.3; Win64; x64) AppleWebKit/537.36 (KHTML, like Gecko) Chrome/68.0.3550.0 Iron Safari/537.36",1366x768,1366x631,1349x1611,m98csej2tpubm97mqmt7v4mom1-dd-top_right,m98csej2tpubm97mqmt7v4mom1,0,2
0,1538415157418,1364,472,mousemove,/html,{},"{""topRight"":353,""topLeft"":642,""bottomRight"":125,""bottomLeft"":551,""middle"":382,""inTarget"":false}",0.9985358711566618,0.7480190174326465,517.0,0.0019342359767891683,-10.939749504062217,20181001193012,"Mon, 01 Oct 2018 19:30:12 +0200","Mozilla/5.0 (Windows NT 6.3; Win64; x64) AppleWebKit/537.36 (KHTML, like Gecko) Chrome/68.0.3550.0 Iron Safari/537.36",1366x768,1366x631,1349x1611,m98csej2tpubm97mqmt7v4mom1-dd-top_right,m98csej2tpubm97mqmt7v4mom1,0,2
0,1538415157568,630,768,mousemove,//*[@id='rso']/div[1]/div,{},"{""topRight"":906,""topLeft"":665,""bottomRight"":749,""bottomLeft"":428,""middle"":659,""inTarget"":false}",0.4612005856515373,1.2171156893819335,150.0,5.27624445562898,5.2743102196521905,20181001193012,"Mon, 01 Oct 2018 19:30:12 +0200","Mozilla/5.0 (Windows NT 6.3; Win64; x64) AppleWebKit/537.36 (KHTML, like Gecko) Chrome/68.0.3550.0 Iron Safari/537.36",1366x768,1366x631,1349x1611,m98csej2tpubm97mqmt7v4mom1-dd-top_right,m98csej2tpubm97mqmt7v4mom1,0,2
0,1538415157768,630,769,mousemove,//*[@id='rso']/div[1]/div,{},"{""topRight"":907,""topLeft"":666,""bottomRight"":750,""bottomLeft"":428,""middle"":660,""inTarget"":false}",0.4612005856515373,1.2187004754358162,200.0,0.005,-5.27124445562898,20181001193012,"Mon, 01 Oct 2018 19:30:12 +0200","Mozilla/5.0 (Windows NT 6.3; Win64; x64) AppleWebKit/537.36 (KHTML, like Gecko) Chrome/68.0.3550.0 Iron Safari/537.36",1366x768,1366x631,1349x1611,m98csej2tpubm97mqmt7v4mom1-dd-top_right,m98csej2tpubm97mqmt7v4mom1,0,2
0,1538415158290,0,0,blur,/,{},{},0.0,0.0,522.0,1.9044313651949585,1.8994313651949586,20181001193012,"Mon, 01 Oct 2018 19:30:12 +0200","Mozilla/5.0 (Windows NT 6.3; Win64; x64) AppleWebKit/537.36 (KHTML, like Gecko) Chrome/68.0.3550.0 Iron Safari/537.36",1366x768,1366x631,1349x1611,m98csej2tpubm97mqmt7v4mom1-dd-top_right,m98csej2tpubm97mqmt7v4mom1,0,2
0,1538415159098,690,838,mouseover,//*[@id='rso']/div[1]/div/div[7]/div/div/div,{},"{""topRight"":917,""topLeft"":719,""bottomRight"":739,""bottomLeft"":471,""middle"":681,""inTarget"":false}",0.5051244509516838,1.3280507131537242,808.0,1.3434598338120012,-0.5609715313829573,20181001193012,"Mon, 01 Oct 2018 19:30:12 +0200","Mozilla/5.0 (Windows NT 6.3; Win64; x64) AppleWebKit/537.36 (KHTML, like Gecko) Chrome/68.0.3550.0 Iron Safari/537.36",1366x768,1366x631,1349x1611,m98csej2tpubm97mqmt7v4mom1-dd-top_right,m98csej2tpubm97mqmt7v4mom1,0,2
0,1538415185599,1208,541,mouseover,//*[@id='cnt'],{},"{""topRight"":415,""topLeft"":564,""bottomRight"":169,""bottomLeft"":418,""middle"":326,""inTarget"":false}",0.8843338213762811,0.8573692551505546,26501.0,0.022531370271496157,-1.320928463540505,20181001193012,"Mon, 01 Oct 2018 19:30:12 +0200","Mozilla/5.0 (Windows NT 6.3; Win64; x64) AppleWebKit/537.36 (KHTML, like Gecko) Chrome/68.0.3550.0 Iron Safari/537.36",1366x768,1366x631,1349x1611,m98csej2tpubm97mqmt7v4mom1-dd-top_right,m98csej2tpubm97mqmt7v4mom1,0,2
0,1538415185898,1330,589,mousemove,//*[@id='cnt'],{},"{""topRight"":461,""topLeft"":685,""bottomRight"":212,""bottomLeft"":549,""middle"":435,""inTarget"":false}",0.9736456808199122,0.9334389857369255,299.0,0.43847161515912736,0.4159402448876312,20181001193012,"Mon, 01 Oct 2018 19:30:12 +0200","Mozilla/5.0 (Windows NT 6.3; Win64; x64) AppleWebKit/537.36 (KHTML, like Gecko) Chrome/68.0.3550.0 Iron Safari/537.36",1366x768,1366x631,1349x1611,m98csej2tpubm97mqmt7v4mom1-dd-top_right,m98csej2tpubm97mqmt7v4mom1,0,2
0,1538415186290,0,0,focus,/,{},{},0.0,0.0,392.0,3.7106790700310297,3.2722074548719022,20181001193012,"Mon, 01 Oct 2018 19:30:12 +0200","Mozilla/5.0 (Windows NT 6.3; Win64; x64) AppleWebKit/537.36 (KHTML, like Gecko) Chrome/68.0.3550.0 Iron Safari/537.36",1366x768,1366x631,1349x1611,m98csej2tpubm97mqmt7v4mom1-dd-top_right,m98csej2tpubm97mqmt7v4mom1,0,2
0,1538415186293,1365,526,mousedown,/html,{},"{""topRight"":405,""topLeft"":673,""bottomRight"":168,""bottomLeft"":563,""middle"":416,""inTarget"":false}",0.9992679355783309,0.8335974643423137,3.0,487.6133486460125,483.9026695759815,20181001193012,"Mon, 01 Oct 2018 19:30:12 +0200","Mozilla/5.0 (Windows NT 6.3; Win64; x64) AppleWebKit/537.36 (KHTML, like Gecko) Chrome/68.0.3550.0 Iron Safari/537.36",1366x768,1366x631,1349x1611,m98csej2tpubm97mqmt7v4mom1-dd-top_right,m98csej2tpubm97mqmt7v4mom1,0,2
0,1538415186482,1365,526,mouseup,/html,{},"{""topRight"":405,""topLeft"":673,""bottomRight"":168,""bottomLeft"":563,""middle"":416,""inTarget"":false}",0.9992679355783309,0.8335974643423137,189.0,0.0,-487.6133486460125,20181001193012,"Mon, 01 Oct 2018 19:30:12 +0200","Mozilla/5.0 (Windows NT 6.3; Win64; x64) AppleWebKit/537.36 (KHTML, like Gecko) Chrome/68.0.3550.0 Iron Safari/537.36",1366x768,1366x631,1349x1611,m98csej2tpubm97mqmt7v4mom1-dd-top_right,m98csej2tpubm97mqmt7v4mom1,0,2
0,1538415187321,1349,529,mousemove,/html,{},"{""topRight"":405,""topLeft"":662,""bottomRight"":162,""bottomLeft"":548,""middle"":406,""inTarget"":false}",0.9875549048316252,0.838351822503962,839.0,0.019402646717639697,0.019402646717639697,20181001193012,"Mon, 01 Oct 2018 19:30:12 +0200","Mozilla/5.0 (Windows NT 6.3; Win64; x64) AppleWebKit/537.36 (KHTML, like Gecko) Chrome/68.0.3550.0 Iron Safari/537.36",1366x768,1366x631,1349x1611,m98csej2tpubm97mqmt7v4mom1-dd-top_right,m98csej2tpubm97mqmt7v4mom1,0,2
0,1538415188219,803,640,mousemove,//*[@id='rcnt'],{},"{""topRight"":693,""topLeft"":509,""bottomRight"":536,""bottomLeft"":256,""middle"":453,""inTarget"":false}",0.5878477306002928,1.0142630744849446,898.0,0.6204551622079348,0.6010525154902951,20181001193012,"Mon, 01 Oct 2018 19:30:12 +0200","Mozilla/5.0 (Windows NT 6.3; Win64; x64) AppleWebKit/537.36 (KHTML, like Gecko) Chrome/68.0.3550.0 Iron Safari/537.36",1366x768,1366x631,1349x1611,m98csej2tpubm97mqmt7v4mom1-dd-top_right,m98csej2tpubm97mqmt7v4mom1,0,2
0,1538415188386,440,607,mousemove,//*[@id='rso']/div[1]/div/div[5]/div/h3/a,{},"{""topRight"":960,""topLeft"":609,""bottomRight"":863,""bottomLeft"":440,""middle"":700,""inTarget"":false}",0.32210834553440704,0.9619651347068146,167.0,2.182616248905267,1.5621610866973321,20181001193012,"Mon, 01 Oct 2018 19:30:12 +0200","Mozilla/5.0 (Windows NT 6.3; Win64; x64) AppleWebKit/537.36 (KHTML, like Gecko) Chrome/68.0.3550.0 Iron Safari/537.36",1366x768,1366x631,1349x1611,m98csej2tpubm97mqmt7v4mom1-dd-top_right,m98csej2tpubm97mqmt7v4mom1,0,2
0,1538415188552,440,606,mousemove,//*[@id='rso']/div[1]/div/div[5]/div/h3/a,{},"{""topRight"":960,""topLeft"":608,""bottomRight"":863,""bottomLeft"":440,""middle"":700,""inTarget"":false}",0.32210834553440704,0.9603803486529319,166.0,0.006024096385542169,-2.1765921525197247,20181001193012,"Mon, 01 Oct 2018 19:30:12 +0200","Mozilla/5.0 (Windows NT 6.3; Win64; x64) AppleWebKit/537.36 (KHTML, like Gecko) Chrome/68.0.3550.0 Iron Safari/537.36",1366x768,1366x631,1349x1611,m98csej2tpubm97mqmt7v4mom1-dd-top_right,m98csej2tpubm97mqmt7v4mom1,0,2
0,1538415191188,444,608,mousedown,//*[@id='rso']/div[1]/div/div[5]/div/h3/a,{},"{""topRight"":957,""topLeft"":607,""bottomRight"":859,""bottomLeft"":437,""middle"":697,""inTarget"":false}",0.32503660322108346,0.9635499207606973,2636.0,0.0016965614396811759,-0.004327534945860993,20181001193012,"Mon, 01 Oct 2018 19:30:12 +0200","Mozilla/5.0 (Windows NT 6.3; Win64; x64) AppleWebKit/537.36 (KHTML, like Gecko) Chrome/68.0.3550.0 Iron Safari/537.36",1366x768,1366x631,1349x1611,m98csej2tpubm97mqmt7v4mom1-dd-top_right,m98csej2tpubm97mqmt7v4mom1,0,2
0,1538415191398,444,608,mouseup,//*[@id='rso']/div[1]/div/div[5]/div/h3/a,{},"{""topRight"":957,""topLeft"":607,""bottomRight"":859,""bottomLeft"":437,""middle"":697,""inTarget"":false}",0.32503660322108346,0.9635499207606973,210.0,0.0,-0.0016965614396811759,20181001193012,"Mon, 01 Oct 2018 19:30:12 +0200","Mozilla/5.0 (Windows NT 6.3; Win64; x64) AppleWebKit/537.36 (KHTML, like Gecko) Chrome/68.0.3550.0 Iron Safari/537.36",1366x768,1366x631,1349x1611,m98csej2tpubm97mqmt7v4mom1-dd-top_right,m98csej2tpubm97mqmt7v4mom1,0,2
0,1538415191399,444,608,click,//*[@id='rso']/div[1]/div/div[5]/div/h3/a,{},"{""topRight"":957,""topLeft"":607,""bottomRight"":859,""bottomLeft"":437,""middle"":697,""inTarget"":false}",0.32503660322108346,0.9635499207606973,1.0,0.0,0.0,20181001193012,"Mon, 01 Oct 2018 19:30:12 +0200","Mozilla/5.0 (Windows NT 6.3; Win64; x64) AppleWebKit/537.36 (KHTML, like Gecko) Chrome/68.0.3550.0 Iron Safari/537.36",1366x768,1366x631,1349x1611,m98csej2tpubm97mqmt7v4mom1-dd-top_right,m98csej2tpubm97mqmt7v4mom1,0,2
0,1538415191399,0,0,beforeunload,/,{},{},0.0,0.0,0.0,0.0,0.0,20181001193012,"Mon, 01 Oct 2018 19:30:12 +0200","Mozilla/5.0 (Windows NT 6.3; Win64; x64) AppleWebKit/537.36 (KHTML, like Gecko) Chrome/68.0.3550.0 Iron Safari/537.36",1366x768,1366x631,1349x1611,m98csej2tpubm97mqmt7v4mom1-dd-top_right,m98csej2tpubm97mqmt7v4mom1,0,2
0,1538415191980,0,0,unload,/,{},{},0.0,0.0,581.0,0.0,0.0,20181001193012,"Mon, 01 Oct 2018 19:30:12 +0200","Mozilla/5.0 (Windows NT 6.3; Win64; x64) AppleWebKit/537.36 (KHTML, like Gecko) Chrome/68.0.3550.0 Iron Safari/537.36",1366x768,1366x631,1349x1611,m98csej2tpubm97mqmt7v4mom1-dd-top_right,m98csej2tpubm97mqmt7v4mom1,0,2
