cursor,timestamp,xpos,ypos,event,xpath,attrs,extras,xpos_scaled,ypos_scaled,timestamp_diff,speed,acceleration,log_id,date,ua,screen,window,document,task,user_id,ad_clicked,attention
0,1538391848571,0,0,load,/,{},{},0.0,0.0,1.0,0.0,0.0,20181001130112,"Mon, 01 Oct 2018 13:01:12 +0200","Mozilla/5.0 (Windows NT 6.1; Win64; x64) AppleWebKit/537.36 (KHTML, like Gecko) Chrome/68.0.3440.106 Safari/537.36",1920x1080,1345x963,1328x2111,8knnl055pnvic2d97v5csitl03-dd-top_left,8knnl055pnvic2d97v5csitl03,0,2
0,1538391851464,834,50,mouseover,//*[@id='searchform']/div/div,{},"{""topRight"":108,""topLeft"":708,""bottomRight"":455,""bottomLeft"":835,""middle"":471,""inTarget"":false}",0.6200743494423792,0.05192107995846314,2893.0,0.28879967390561195,0.28879967390561195,20181001130112,"Mon, 01 Oct 2018 13:01:12 +0200","Mozilla/5.0 (Windows NT 6.1; Win64; x64) AppleWebKit/537.36 (KHTML, like Gecko) Chrome/68.0.3440.106 Safari/537.36",1920x1080,1345x963,1328x2111,8knnl055pnvic2d97v5csitl03-dd-top_left,8knnl055pnvic2d97v5csitl03,0,2
0,1538391851630,717,165,mousemove,//*[@id='tvcap']/div[1]/div/div[2]/div[1],{},"{""topRight"":64,""topLeft"":592,""bottomRight"":332,""bottomLeft"":676,""middle"":313,""inTarget"":true}",0.533085501858736,0.17133956386292834,166.0,0.9882823425912263,0.6994826686856144,20181001130112,"Mon, 01 Oct 2018 13:01:12 +0200","Mozilla/5.0 (Windows NT 6.1; Win64; x64) AppleWebKit/537.36 (KHTML, like Gecko) Chrome/68.0.3440.106 Safari/537.36",1920x1080,1345x963,1328x2111,8knnl055pnvic2d97v5csitl03-dd-top_left,8knnl055pnvic2d97v5csitl03,0,2
0,1538391852057,0,0,blur,/,{},{},0.0,0.0,427.0,1.7230455348079883,0.734763192216762,20181001130112,"Mon, 01 Oct 2018 13:01:12 +0200","Mozilla/5.0 (Windows NT 6.1; Win64; x64) AppleWebKit/537.36 (KHTML, like Gecko) Chrome/68.0.3440.106 Safari/537.36",1920x1080,1345x963,1328x2111,8knnl055pnvic2d97v5csitl03-dd-top_left,8knnl055pnvic2d97v5csitl03,0,2
0,1538391859336,0,0,focus,/,{},{},0.0,0.0,7279.0,0.0,-1.7230455348079883,20181001130112,"Mon, 01 Oct 2018 13:01:12 +0200","Mozilla/5.0 (Windows NT 6.1; Win64; x64) AppleWebKit/537.36 (KHTML, like Gecko) Chrome/68.0.3440.106 Safari/537.36",1920x1080,1345x963,1328x2111,8knnl055pnvic2d97v5csitl03-dd-top_left,8knnl055pnvic2d97v5csitl03,0,2
0,1538391860346,0,0,blur,/,{},{},0.0,0.0,1010.0,0.0,0.0,20181001130112,"Mon, 01 Oct 2018 13:01:12 +0200","Mozilla/5.0 (Windows NT 6.1; Win64; x64) AppleWebKit/537.36 (KHTML, like Gecko) Chrome/68.0.3440.106 Safari/537.36",1920x1080,1345x963,1328x2111,8knnl055pnvic2d97v5csitl03-dd-top_left,8knnl055pnvic2d97v5csitl03,0,2
0,1538391887779,0,0,focus,/,{},{},0.0,0.0,27433.0,0.0,0.0,20181001130112,"Mon, 01 Oct 2018 13:01:12 +0200","Mozilla/5.0 (Windows NT 6.1; Win64; x64) AppleWebKit/537.36 (KHTML, like Gecko) Chrome/68.0.3440.106 Safari/537.36",1920x1080,1345x963,1328x2111,8knnl055pnvic2d97v5csitl03-dd-top_left,8knnl055pnvic2d97v5csitl03,0,2
0,1538391888011,874,24,mouseover,//*[@id='searchform']/div/div,{},"{""topRight"":155,""topLeft"":750,""bottomRight"":490,""bottomLeft"":883,""middle"":519,""inTarget"":false}",0.649814126394052,0.024922118380062305,232.0,3.768661454119611,3.768661454119611,20181001130112,"Mon, 01 Oct 2018 13:01:12 +0200","Mozilla/5.0 (Windows NT 6.1; Win64; x64) AppleWebKit/537.36 (KHTML, like Gecko) Chrome/68.0.3440.106 Safari/537.36",1920x1080,1345x963,1328x2111,8knnl055pnvic2d97v5csitl03-dd-top_left,8knnl055pnvic2d97v5csitl03,0,2
0,1538391888161,371,218,mousemove,//*[@id='tvcap']/div[1]/div/div[2]/div[1]/div[2]/div[1],{},"{""topRight"":388,""topLeft"":268,""bottomRight"":464,""bottomLeft"":369,""middle"":105,""inTarget"":true}",0.2758364312267658,0.22637590861889928,150.0,3.5941001037193656,-0.17456135040024545,20181001130112,"Mon, 01 Oct 2018 13:01:12 +0200","Mozilla/5.0 (Windows NT 6.1; Win64; x64) AppleWebKit/537.36 (KHTML, like Gecko) Chrome/68.0.3440.106 Safari/537.36",1920x1080,1345x963,1328x2111,8knnl055pnvic2d97v5csitl03-dd-top_left,8knnl055pnvic2d97v5csitl03,0,2
0,1538391888313,340,314,mouseover,//*[@id='tvcap']/div[1]/div/div[2]/div[1],{},"{""topRight"":453,""topLeft"":297,""bottomRight"":441,""bottomLeft"":279,""middle"":96,""inTarget"":true}",0.2527881040892193,0.3260643821391485,152.0,0.6636915668025889,-2.9304085369167767,20181001130112,"Mon, 01 Oct 2018 13:01:12 +0200","Mozilla/5.0 (Windows NT 6.1; Win64; x64) AppleWebKit/537.36 (KHTML, like Gecko) Chrome/68.0.3440.106 Safari/537.36",1920x1080,1345x963,1328x2111,8knnl055pnvic2d97v5csitl03-dd-top_left,8knnl055pnvic2d97v5csitl03,0,2
0,1538391888477,300,569,mousemove,//*[@id='rso']/div[1]/div[1]/div/div/div/span,{},"{""topRight"":640,""topLeft"":494,""bottomRight"":448,""bottomLeft"":187,""middle"":300,""inTarget"":false}",0.22304832713754646,0.5908618899273105,164.0,1.573891402334184,0.910199835531595,20181001130112,"Mon, 01 Oct 2018 13:01:12 +0200","Mozilla/5.0 (Windows NT 6.1; Win64; x64) AppleWebKit/537.36 (KHTML, like Gecko) Chrome/68.0.3440.106 Safari/537.36",1920x1080,1345x963,1328x2111,8knnl055pnvic2d97v5csitl03-dd-top_left,8knnl055pnvic2d97v5csitl03,0,2
0,1538391888643,274,554,mouseover,//*[@id='rso']/div[1]/div[1]/div/div/div,{},"{""topRight"":648,""topLeft"":471,""bottomRight"":472,""bottomLeft"":157,""middle"":300,""inTarget"":false}",0.2037174721189591,0.5752855659397715,166.0,0.18082326529883896,-1.3930681370353448,20181001130112,"Mon, 01 Oct 2018 13:01:12 +0200","Mozilla/5.0 (Windows NT 6.1; Win64; x64) AppleWebKit/537.36 (KHTML, like Gecko) Chrome/68.0.3440.106 Safari/537.36",1920x1080,1345x963,1328x2111,8knnl055pnvic2d97v5csitl03-dd-top_left,8knnl055pnvic2d97v5csitl03,0,2
0,1538391888794,264,544,mousemove,//*[@id='rso']/div[1]/div[1]/div/div/div/div/cite,{},"{""topRight"":648,""topLeft"":459,""bottomRight"":480,""bottomLeft"":144,""middle"":297,""inTarget"":false}",0.1962825278810409,0.564901349948079,151.0,0.0936565273094765,-0.08716673798936246,20181001130112,"Mon, 01 Oct 2018 13:01:12 +0200","Mozilla/5.0 (Windows NT 6.1; Win64; x64) AppleWebKit/537.36 (KHTML, like Gecko) Chrome/68.0.3440.106 Safari/537.36",1920x1080,1345x963,1328x2111,8knnl055pnvic2d97v5csitl03-dd-top_left,8knnl055pnvic2d97v5csitl03,0,2
0,1538391888961,260,539,mousemove,//*[@id='rso']/div[1]/div[1]/div/div/div/div/cite,{},"{""topRight"":648,""topLeft"":453,""bottomRight"":484,""bottomLeft"":139,""middle"":295,""inTarget"":false}",0.19330855018587362,0.5597092419522326,167.0,0.03834206130199311,-0.055314466007483395,20181001130112,"Mon, 01 Oct 2018 13:01:12 +0200","Mozilla/5.0 (Windows NT 6.1; Win64; x64) AppleWebKit/537.36 (KHTML, like Gecko) Chrome/68.0.3440.106 Safari/537.36",1920x1080,1345x963,1328x2111,8knnl055pnvic2d97v5csitl03-dd-top_left,8knnl055pnvic2d97v5csitl03,0,2
0,1538391889127,258,538,mousemove,//*[@id='rso']/div[1]/div[1]/div/div/div/div/cite,{},"{""topRight"":649,""topLeft"":451,""bottomRight"":486,""bottomLeft"":137,""middle"":296,""inTarget"":false}",0.19182156133828995,0.5586708203530634,166.0,0.013470289021083071,-0.02487177228091004,20181001130112,"Mon, 01 Oct 2018 13:01:12 +0200","Mozilla/5.0 (Windows NT 6.1; Win64; x64) AppleWebKit/537.36 (KHTML, like Gecko) Chrome/68.0.3440.106 Safari/537.36",1920x1080,1345x963,1328x2111,8knnl055pnvic2d97v5csitl03-dd-top_left,8knnl055pnvic2d97v5csitl03,0,2
0,1538391889297,252,536,mousedown,//*[@id='rso']/div[1]/div[1]/div/h3,{},"{""topRight"":652,""topLeft"":448,""bottomRight"":492,""bottomLeft"":130,""middle"":298,""inTarget"":false}",0.18736059479553904,0.5565939771547248,170.0,0.03720326659021623,0.02373297756913316,20181001130112,"Mon, 01 Oct 2018 13:01:12 +0200","Mozilla/5.0 (Windows NT 6.1; Win64; x64) AppleWebKit/537.36 (KHTML, like Gecko) Chrome/68.0.3440.106 Safari/537.36",1920x1080,1345x963,1328x2111,8knnl055pnvic2d97v5csitl03-dd-top_left,8knnl055pnvic2d97v5csitl03,0,2
0,1538391889391,252,536,mouseup,//*[@id='rso']/div[1]/div[1]/div/h3,{},"{""topRight"":652,""topLeft"":448,""bottomRight"":492,""bottomLeft"":130,""middle"":298,""inTarget"":false}",0.18736059479553904,0.5565939771547248,94.0,0.0,-0.03720326659021623,20181001130112,"Mon, 01 Oct 2018 13:01:12 +0200","Mozilla/5.0 (Windows NT 6.1; Win64; x64) AppleWebKit/537.36 (KHTML, like Gecko) Chrome/68.0.3440.106 Safari/537.36",1920x1080,1345x963,1328x2111,8knnl055pnvic2d97v5csitl03-dd-top_left,8knnl055pnvic2d97v5csitl03,0,2
0,1538391889391,252,536,click,//*[@id='rso']/div[1]/div[1]/div/h3,{},"{""topRight"":652,""topLeft"":448,""bottomRight"":492,""bottomLeft"":130,""middle"":298,""inTarget"":false}",0.18736059479553904,0.5565939771547248,0.0,0.0,0.0,20181001130112,"Mon, 01 Oct 2018 13:01:12 +0200","Mozilla/5.0 (Windows NT 6.1; Win64; x64) AppleWebKit/537.36 (KHTML, like Gecko) Chrome/68.0.3440.106 Safari/537.36",1920x1080,1345x963,1328x2111,8knnl055pnvic2d97v5csitl03-dd-top_left,8knnl055pnvic2d97v5csitl03,0,2
0,1538391889610,251,534,mouseover,//*[@id='rso']/div[1]/div[1]/div/h3/a,{},"{""topRight"":651,""topLeft"":445,""bottomRight"":492,""bottomLeft"":129,""middle"":297,""inTarget"":false}",0.18661710037174722,0.5545171339563862,219.0,0.010210356061642875,0.010210356061642875,20181001130112,"Mon, 01 Oct 2018 13:01:12 +0200","Mozilla/5.0 (Windows NT 6.1; Win64; x64) AppleWebKit/537.36 (KHTML, like Gecko) Chrome/68.0.3440.106 Safari/537.36",1920x1080,1345x963,1328x2111,8knnl055pnvic2d97v5csitl03-dd-top_left,8knnl055pnvic2d97v5csitl03,0,2
0,1538391889703,252,533,mousedown,//*[@id='rso']/div[1]/div[1]/div/h3/a,{},"{""topRight"":650,""topLeft"":445,""bottomRight"":491,""bottomLeft"":129,""middle"":295,""inTarget"":false}",0.18736059479553904,0.553478712357217,93.0,0.01520659744487199,0.004996241383229115,20181001130112,"Mon, 01 Oct 2018 13:01:12 +0200","Mozilla/5.0 (Windows NT 6.1; Win64; x64) AppleWebKit/537.36 (KHTML, like Gecko) Chrome/68.0.3440.106 Safari/537.36",1920x1080,1345x963,1328x2111,8knnl055pnvic2d97v5csitl03-dd-top_left,8knnl055pnvic2d97v5csitl03,0,2
0,1538391889782,252,533,mouseup,//*[@id='rso']/div[1]/div[1]/div/h3/a,{},"{""topRight"":650,""topLeft"":445,""bottomRight"":491,""bottomLeft"":129,""middle"":295,""inTarget"":false}",0.18736059479553904,0.553478712357217,79.0,0.0,-0.01520659744487199,20181001130112,"Mon, 01 Oct 2018 13:01:12 +0200","Mozilla/5.0 (Windows NT 6.1; Win64; x64) AppleWebKit/537.36 (KHTML, like Gecko) Chrome/68.0.3440.106 Safari/537.36",1920x1080,1345x963,1328x2111,8knnl055pnvic2d97v5csitl03-dd-top_left,8knnl055pnvic2d97v5csitl03,0,2
0,1538391889783,252,533,click,//*[@id='rso']/div[1]/div[1]/div/h3/a,{},"{""topRight"":650,""topLeft"":445,""bottomRight"":491,""bottomLeft"":129,""middle"":295,""inTarget"":false}",0.18736059479553904,0.553478712357217,1.0,0.0,0.0,20181001130112,"Mon, 01 Oct 2018 13:01:12 +0200","Mozilla/5.0 (Windows NT 6.1; Win64; x64) AppleWebKit/537.36 (KHTML, like Gecko) Chrome/68.0.3440.106 Safari/537.36",1920x1080,1345x963,1328x2111,8knnl055pnvic2d97v5csitl03-dd-top_left,8knnl055pnvic2d97v5csitl03,0,2
0,1538391889783,0,0,beforeunload,/,{},{},0.0,0.0,0.0,0.0,0.0,20181001130112,"Mon, 01 Oct 2018 13:01:12 +0200","Mozilla/5.0 (Windows NT 6.1; Win64; x64) AppleWebKit/537.36 (KHTML, like Gecko) Chrome/68.0.3440.106 Safari/537.36",1920x1080,1345x963,1328x2111,8knnl055pnvic2d97v5csitl03-dd-top_left,8knnl055pnvic2d97v5csitl03,0,2
0,1538391889945,270,529,mousemove,//*[@id='rso']/div[1]/div[1]/div/h3/a,{},"{""topRight"":634,""topLeft"":446,""bottomRight"":473,""bottomLeft"":146,""middle"":281,""inTarget"":false}",0.20074349442379183,0.54932502596054,162.0,3.666173014115045,3.666173014115045,20181001130112,"Mon, 01 Oct 2018 13:01:12 +0200","Mozilla/5.0 (Windows NT 6.1; Win64; x64) AppleWebKit/537.36 (KHTML, like Gecko) Chrome/68.0.3440.106 Safari/537.36",1920x1080,1345x963,1328x2111,8knnl055pnvic2d97v5csitl03-dd-top_left,8knnl055pnvic2d97v5csitl03,0,2
0,1538391890005,0,0,unload,/,{},{},0.0,0.0,60.0,9.898667138110621,6.2324941239955765,20181001130112,"Mon, 01 Oct 2018 13:01:12 +0200","Mozilla/5.0 (Windows NT 6.1; Win64; x64) AppleWebKit/537.36 (KHTML, like Gecko) Chrome/68.0.3440.106 Safari/537.36",1920x1080,1345x963,1328x2111,8knnl055pnvic2d97v5csitl03-dd-top_left,8knnl055pnvic2d97v5csitl03,0,2
