cursor,timestamp,xpos,ypos,event,xpath,attrs,extras,xpos_scaled,ypos_scaled,timestamp_diff,speed,acceleration,log_id,date,ua,screen,window,document,task,user_id,ad_clicked,attention
0,1538418436737,0,0,load,/,{},{},0.0,0.0,1.0,0.0,0.0,20181001202419,"Mon, 01 Oct 2018 20:24:19 +0200","Mozilla/5.0 (Windows NT 6.1) AppleWebKit/537.36 (KHTML, like Gecko) Chrome/69.0.3497.100 Safari/537.36",1024x600,1024x458,1058x1634,pq7q4jen7t5qejhgeki9l6dog5-native-top_left,pq7q4jen7t5qejhgeki9l6dog5,0,4
0,1538418438108,323,278,mouseover,//*[@id='rso']/div/div[1]/div/div/div/div[1]/cite/font[2]/font,{},"{""topRight"":457,""topLeft"":264,""bottomRight"":423,""bottomLeft"":199,""middle"":157,""inTarget"":false}",0.3154296875,0.6069868995633187,1371.0,0.3108393638118564,0.3108393638118564,20181001202419,"Mon, 01 Oct 2018 20:24:19 +0200","Mozilla/5.0 (Windows NT 6.1) AppleWebKit/537.36 (KHTML, like Gecko) Chrome/69.0.3497.100 Safari/537.36",1024x600,1024x458,1058x1634,pq7q4jen7t5qejhgeki9l6dog5-native-top_left,pq7q4jen7t5qejhgeki9l6dog5,0,4
0,1538418442531,324,277,mousemove,//*[@id='rso']/div/div[1]/div/div/div/div[1]/cite/font[2]/font,{},"{""topRight"":456,""topLeft"":264,""bottomRight"":422,""bottomLeft"":200,""middle"":156,""inTarget"":false}",0.31640625,0.6048034934497817,4423.0,0.00031974080089828064,-0.3105196230109581,20181001202419,"Mon, 01 Oct 2018 20:24:19 +0200","Mozilla/5.0 (Windows NT 6.1) AppleWebKit/537.36 (KHTML, like Gecko) Chrome/69.0.3497.100 Safari/537.36",1024x600,1024x458,1058x1634,pq7q4jen7t5qejhgeki9l6dog5-native-top_left,pq7q4jen7t5qejhgeki9l6dog5,0,4
0,1538418443407,0,0,blur,/,{},{},0.0,0.0,876.0,0.48660809886381945,0.48628835806292114,20181001202419,"Mon, 01 Oct 2018 20:24:19 +0200","Mozilla/5.0 (Windows NT 6.1) AppleWebKit/537.36 (KHTML, like Gecko) Chrome/69.0.3497.100 Safari/537.36",1024x600,1024x458,1058x1634,pq7q4jen7t5qejhgeki9l6dog5-native-top_left,pq7q4jen7t5qejhgeki9l6dog5,0,4
0,1538418465776,0,0,focus,/,{},{},0.0,0.0,22369.0,0.0,-0.48660809886381945,20181001202419,"Mon, 01 Oct 2018 20:24:19 +0200","Mozilla/5.0 (Windows NT 6.1) AppleWebKit/537.36 (KHTML, like Gecko) Chrome/69.0.3497.100 Safari/537.36",1024x600,1024x458,1058x1634,pq7q4jen7t5qejhgeki9l6dog5-native-top_left,pq7q4jen7t5qejhgeki9l6dog5,0,4
0,1538418466619,622,7,mouseover,//*[@id='tsf']/div[2]/div[2],{},"{""topRight"":153,""topLeft"":503,""bottomRight"":260,""bottomLeft"":545,""middle"":246,""inTarget"":false}",0.607421875,0.015283842794759825,843.0,0.7378877672840067,0.7378877672840067,20181001202419,"Mon, 01 Oct 2018 20:24:19 +0200","Mozilla/5.0 (Windows NT 6.1) AppleWebKit/537.36 (KHTML, like Gecko) Chrome/69.0.3497.100 Safari/537.36",1024x600,1024x458,1058x1634,pq7q4jen7t5qejhgeki9l6dog5-native-top_left,pq7q4jen7t5qejhgeki9l6dog5,0,4
0,1538418466783,516,155,mouseover,//*[@id='tads']/ol/li/div[2],{},"{""topRight"":235,""topLeft"":392,""bottomRight"":242,""bottomLeft"":397,""middle"":81,""inTarget"":true}",0.50390625,0.3384279475982533,164.0,1.1100240898608398,0.37213632257683305,20181001202419,"Mon, 01 Oct 2018 20:24:19 +0200","Mozilla/5.0 (Windows NT 6.1) AppleWebKit/537.36 (KHTML, like Gecko) Chrome/69.0.3497.100 Safari/537.36",1024x600,1024x458,1058x1634,pq7q4jen7t5qejhgeki9l6dog5-native-top_left,pq7q4jen7t5qejhgeki9l6dog5,0,4
0,1538418466948,480,224,mouseover,//*[@id='tads']/ol/li,{},"{""topRight"":292,""topLeft"":373,""bottomRight"":264,""bottomLeft"":352,""middle"":71,""inTarget"":true}",0.46875,0.4890829694323144,165.0,0.47167715531173987,-0.6383469345491,20181001202419,"Mon, 01 Oct 2018 20:24:19 +0200","Mozilla/5.0 (Windows NT 6.1) AppleWebKit/537.36 (KHTML, like Gecko) Chrome/69.0.3497.100 Safari/537.36",1024x600,1024x458,1058x1634,pq7q4jen7t5qejhgeki9l6dog5-native-top_left,pq7q4jen7t5qejhgeki9l6dog5,0,4
0,1538418467108,471,253,mousemove,//*[@id='rso']/div/div[1]/div/h3/a/font/font[2],{},"{""topRight"":313,""topLeft"":376,""bottomRight"":273,""bottomLeft"":343,""middle"":91,""inTarget"":false}",0.4599609375,0.5524017467248908,160.0,0.1897778306336122,-0.28189932467812767,20181001202419,"Mon, 01 Oct 2018 20:24:19 +0200","Mozilla/5.0 (Windows NT 6.1) AppleWebKit/537.36 (KHTML, like Gecko) Chrome/69.0.3497.100 Safari/537.36",1024x600,1024x458,1058x1634,pq7q4jen7t5qejhgeki9l6dog5-native-top_left,pq7q4jen7t5qejhgeki9l6dog5,0,4
0,1538418468135,0,0,scroll,/,{},{},0.0,0.0,1027.0,0.5205933961471587,0.3308155655135465,20181001202419,"Mon, 01 Oct 2018 20:24:19 +0200","Mozilla/5.0 (Windows NT 6.1) AppleWebKit/537.36 (KHTML, like Gecko) Chrome/69.0.3497.100 Safari/537.36",1024x600,1024x458,1058x1634,pq7q4jen7t5qejhgeki9l6dog5-native-top_left,pq7q4jen7t5qejhgeki9l6dog5,0,4
0,1538418468312,471,345,mouseover,//*[@id='rso']/div,{},"{""topRight"":367,""topLeft"":422,""bottomRight"":294,""bottomLeft"":360,""middle"":180,""inTarget"":false}",0.4599609375,0.7532751091703057,177.0,3.298515853700838,2.7779224575536796,20181001202419,"Mon, 01 Oct 2018 20:24:19 +0200","Mozilla/5.0 (Windows NT 6.1) AppleWebKit/537.36 (KHTML, like Gecko) Chrome/69.0.3497.100 Safari/537.36",1024x600,1024x458,1058x1634,pq7q4jen7t5qejhgeki9l6dog5-native-top_left,pq7q4jen7t5qejhgeki9l6dog5,0,4
0,1538418468475,0,0,scroll,/,{},{},0.0,0.0,163.0,3.5818239638346525,0.2833081101338144,20181001202419,"Mon, 01 Oct 2018 20:24:19 +0200","Mozilla/5.0 (Windows NT 6.1) AppleWebKit/537.36 (KHTML, like Gecko) Chrome/69.0.3497.100 Safari/537.36",1024x600,1024x458,1058x1634,pq7q4jen7t5qejhgeki9l6dog5-native-top_left,pq7q4jen7t5qejhgeki9l6dog5,0,4
0,1538418470452,0,0,scroll,/,{},{},0.0,0.0,1977.0,0.0,-3.5818239638346525,20181001202419,"Mon, 01 Oct 2018 20:24:19 +0200","Mozilla/5.0 (Windows NT 6.1) AppleWebKit/537.36 (KHTML, like Gecko) Chrome/69.0.3497.100 Safari/537.36",1024x600,1024x458,1058x1634,pq7q4jen7t5qejhgeki9l6dog5-native-top_left,pq7q4jen7t5qejhgeki9l6dog5,0,4
0,1538418470603,0,0,scroll,/,{},{},0.0,0.0,151.0,0.0,0.0,20181001202419,"Mon, 01 Oct 2018 20:24:19 +0200","Mozilla/5.0 (Windows NT 6.1) AppleWebKit/537.36 (KHTML, like Gecko) Chrome/69.0.3497.100 Safari/537.36",1024x600,1024x458,1058x1634,pq7q4jen7t5qejhgeki9l6dog5-native-top_left,pq7q4jen7t5qejhgeki9l6dog5,0,4
0,1538418470761,0,0,scroll,/,{},{},0.0,0.0,158.0,0.0,0.0,20181001202419,"Mon, 01 Oct 2018 20:24:19 +0200","Mozilla/5.0 (Windows NT 6.1) AppleWebKit/537.36 (KHTML, like Gecko) Chrome/69.0.3497.100 Safari/537.36",1024x600,1024x458,1058x1634,pq7q4jen7t5qejhgeki9l6dog5-native-top_left,pq7q4jen7t5qejhgeki9l6dog5,0,4
0,1538418471418,471,753,mouseover,//*[@id='rso']/div/div[5]/div/div/div,{},"{""topRight"":708,""topLeft"":738,""bottomRight"":584,""bottomLeft"":620,""middle"":586,""inTarget"":false}",0.4599609375,1.6441048034934498,657.0,1.351860396628992,1.351860396628992,20181001202419,"Mon, 01 Oct 2018 20:24:19 +0200","Mozilla/5.0 (Windows NT 6.1) AppleWebKit/537.36 (KHTML, like Gecko) Chrome/69.0.3497.100 Safari/537.36",1024x600,1024x458,1058x1634,pq7q4jen7t5qejhgeki9l6dog5-native-top_left,pq7q4jen7t5qejhgeki9l6dog5,0,4
0,1538418471757,0,0,scroll,/,{},{},0.0,0.0,339.0,2.6199772288650376,1.2681168322360457,20181001202419,"Mon, 01 Oct 2018 20:24:19 +0200","Mozilla/5.0 (Windows NT 6.1) AppleWebKit/537.36 (KHTML, like Gecko) Chrome/69.0.3497.100 Safari/537.36",1024x600,1024x458,1058x1634,pq7q4jen7t5qejhgeki9l6dog5-native-top_left,pq7q4jen7t5qejhgeki9l6dog5,0,4
0,1538418471919,0,0,scroll,/,{},{},0.0,0.0,162.0,0.0,-2.6199772288650376,20181001202419,"Mon, 01 Oct 2018 20:24:19 +0200","Mozilla/5.0 (Windows NT 6.1) AppleWebKit/537.36 (KHTML, like Gecko) Chrome/69.0.3497.100 Safari/537.36",1024x600,1024x458,1058x1634,pq7q4jen7t5qejhgeki9l6dog5-native-top_left,pq7q4jen7t5qejhgeki9l6dog5,0,4
0,1538418472615,471,953,mouseover,//*[@id='rso']/div/div[7]/div/div/div,{},"{""topRight"":896,""topLeft"":919,""bottomRight"":766,""bottomLeft"":794,""middle"":785,""inTarget"":false}",0.4599609375,2.0807860262008733,696.0,1.527353590567565,1.527353590567565,20181001202419,"Mon, 01 Oct 2018 20:24:19 +0200","Mozilla/5.0 (Windows NT 6.1) AppleWebKit/537.36 (KHTML, like Gecko) Chrome/69.0.3497.100 Safari/537.36",1024x600,1024x458,1058x1634,pq7q4jen7t5qejhgeki9l6dog5-native-top_left,pq7q4jen7t5qejhgeki9l6dog5,0,4
0,1538418474318,0,0,scroll,/,{},{},0.0,0.0,1703.0,0.62421497300941,-0.903138617558155,20181001202419,"Mon, 01 Oct 2018 20:24:19 +0200","Mozilla/5.0 (Windows NT 6.1) AppleWebKit/537.36 (KHTML, like Gecko) Chrome/69.0.3497.100 Safari/537.36",1024x600,1024x458,1058x1634,pq7q4jen7t5qejhgeki9l6dog5-native-top_left,pq7q4jen7t5qejhgeki9l6dog5,0,4
0,1538418474468,471,815,mouseover,//*[@id='rso']/div/div[6]/div/div/div/div,{},"{""topRight"":765,""topLeft"":793,""bottomRight"":639,""bottomLeft"":672,""middle"":647,""inTarget"":false}",0.4599609375,1.779475982532751,150.0,6.275405254731451,5.651190281722041,20181001202419,"Mon, 01 Oct 2018 20:24:19 +0200","Mozilla/5.0 (Windows NT 6.1) AppleWebKit/537.36 (KHTML, like Gecko) Chrome/69.0.3497.100 Safari/537.36",1024x600,1024x458,1058x1634,pq7q4jen7t5qejhgeki9l6dog5-native-top_left,pq7q4jen7t5qejhgeki9l6dog5,0,4
0,1538418474801,471,453,mouseover,//*[@id='rso']/div,{},"{""topRight"":446,""topLeft"":492,""bottomRight"":348,""bottomLeft"":405,""middle"":287,""inTarget"":false}",0.4599609375,0.9890829694323144,333.0,1.087087087087087,-5.188318167644364,20181001202419,"Mon, 01 Oct 2018 20:24:19 +0200","Mozilla/5.0 (Windows NT 6.1) AppleWebKit/537.36 (KHTML, like Gecko) Chrome/69.0.3497.100 Safari/537.36",1024x600,1024x458,1058x1634,pq7q4jen7t5qejhgeki9l6dog5-native-top_left,pq7q4jen7t5qejhgeki9l6dog5,0,4
0,1538418474951,0,0,scroll,/,{},{},0.0,0.0,150.0,4.356604182158393,3.269517095071306,20181001202419,"Mon, 01 Oct 2018 20:24:19 +0200","Mozilla/5.0 (Windows NT 6.1) AppleWebKit/537.36 (KHTML, like Gecko) Chrome/69.0.3497.100 Safari/537.36",1024x600,1024x458,1058x1634,pq7q4jen7t5qejhgeki9l6dog5-native-top_left,pq7q4jen7t5qejhgeki9l6dog5,0,4
0,1538418476017,471,253,mouseover,//*[@id='rso']/div/div[1]/div/h3/a/font/font[2],{},"{""topRight"":313,""topLeft"":376,""bottomRight"":273,""bottomLeft"":343,""middle"":91,""inTarget"":false}",0.4599609375,0.5524017467248908,1066.0,0.5015472962881163,-3.855056885870277,20181001202419,"Mon, 01 Oct 2018 20:24:19 +0200","Mozilla/5.0 (Windows NT 6.1) AppleWebKit/537.36 (KHTML, like Gecko) Chrome/69.0.3497.100 Safari/537.36",1024x600,1024x458,1058x1634,pq7q4jen7t5qejhgeki9l6dog5-native-top_left,pq7q4jen7t5qejhgeki9l6dog5,0,4
0,1538418476357,467,254,mousemove,//*[@id='rso']/div/div[1]/div/h3/a/font/font[2],{},"{""topRight"":317,""topLeft"":372,""bottomRight"":278,""bottomLeft"":339,""middle"":91,""inTarget"":false}",0.4560546875,0.5545851528384279,340.0,0.012126781251816649,-0.4894205150362997,20181001202419,"Mon, 01 Oct 2018 20:24:19 +0200","Mozilla/5.0 (Windows NT 6.1) AppleWebKit/537.36 (KHTML, like Gecko) Chrome/69.0.3497.100 Safari/537.36",1024x600,1024x458,1058x1634,pq7q4jen7t5qejhgeki9l6dog5-native-top_left,pq7q4jen7t5qejhgeki9l6dog5,0,4
0,1538418476508,407,253,mousemove,//*[@id='rso']/div/div[1]/div/h3/a/font/font[2],{},"{""topRight"":370,""topLeft"":318,""bottomRight"":337,""bottomLeft"":279,""middle"":89,""inTarget"":false}",0.3974609375,0.5524017467248908,151.0,0.39740617718350985,0.3852793959316932,20181001202419,"Mon, 01 Oct 2018 20:24:19 +0200","Mozilla/5.0 (Windows NT 6.1) AppleWebKit/537.36 (KHTML, like Gecko) Chrome/69.0.3497.100 Safari/537.36",1024x600,1024x458,1058x1634,pq7q4jen7t5qejhgeki9l6dog5-native-top_left,pq7q4jen7t5qejhgeki9l6dog5,0,4
0,1538418476675,369,242,mousemove,//*[@id='center_col'],{},"{""topRight"":401,""topLeft"":280,""bottomRight"":375,""bottomLeft"":241,""middle"":99,""inTarget"":false}",0.3603515625,0.5283842794759825,167.0,0.23688671191440097,-0.16051946526910887,20181001202419,"Mon, 01 Oct 2018 20:24:19 +0200","Mozilla/5.0 (Windows NT 6.1) AppleWebKit/537.36 (KHTML, like Gecko) Chrome/69.0.3497.100 Safari/537.36",1024x600,1024x458,1058x1634,pq7q4jen7t5qejhgeki9l6dog5-native-top_left,pq7q4jen7t5qejhgeki9l6dog5,0,4
0,1538418477276,369,244,mouseover,//*[@id='rso']/div/div[1]/div/h3/a/font/font[2],{},"{""topRight"":402,""topLeft"":281,""bottomRight"":375,""bottomLeft"":241,""middle"":101,""inTarget"":false}",0.3603515625,0.5327510917030568,601.0,0.0033277870216306157,-0.23355892489277036,20181001202419,"Mon, 01 Oct 2018 20:24:19 +0200","Mozilla/5.0 (Windows NT 6.1) AppleWebKit/537.36 (KHTML, like Gecko) Chrome/69.0.3497.100 Safari/537.36",1024x600,1024x458,1058x1634,pq7q4jen7t5qejhgeki9l6dog5-native-top_left,pq7q4jen7t5qejhgeki9l6dog5,0,4
0,1538418477880,369,251,mousedown,//*[@id='rso']/div/div[1]/div/h3/a/font/font[2],{},"{""topRight"":404,""topLeft"":284,""bottomRight"":375,""bottomLeft"":241,""middle"":106,""inTarget"":false}",0.3603515625,0.5480349344978166,604.0,0.011589403973509934,0.008261616951879318,20181001202419,"Mon, 01 Oct 2018 20:24:19 +0200","Mozilla/5.0 (Windows NT 6.1) AppleWebKit/537.36 (KHTML, like Gecko) Chrome/69.0.3497.100 Safari/537.36",1024x600,1024x458,1058x1634,pq7q4jen7t5qejhgeki9l6dog5-native-top_left,pq7q4jen7t5qejhgeki9l6dog5,0,4
0,1538418477991,369,251,mouseup,//*[@id='rso']/div/div[1]/div/h3/a/font/font[2],{},"{""topRight"":404,""topLeft"":284,""bottomRight"":375,""bottomLeft"":241,""middle"":106,""inTarget"":false}",0.3603515625,0.5480349344978166,111.0,0.0,-0.011589403973509934,20181001202419,"Mon, 01 Oct 2018 20:24:19 +0200","Mozilla/5.0 (Windows NT 6.1) AppleWebKit/537.36 (KHTML, like Gecko) Chrome/69.0.3497.100 Safari/537.36",1024x600,1024x458,1058x1634,pq7q4jen7t5qejhgeki9l6dog5-native-top_left,pq7q4jen7t5qejhgeki9l6dog5,0,4
0,1538418477992,369,251,click,//*[@id='rso']/div/div[1]/div/h3/a/font/font[2],{},"{""topRight"":404,""topLeft"":284,""bottomRight"":375,""bottomLeft"":241,""middle"":106,""inTarget"":false}",0.3603515625,0.5480349344978166,1.0,0.0,0.0,20181001202419,"Mon, 01 Oct 2018 20:24:19 +0200","Mozilla/5.0 (Windows NT 6.1) AppleWebKit/537.36 (KHTML, like Gecko) Chrome/69.0.3497.100 Safari/537.36",1024x600,1024x458,1058x1634,pq7q4jen7t5qejhgeki9l6dog5-native-top_left,pq7q4jen7t5qejhgeki9l6dog5,0,4
0,1538418477998,0,0,beforeunload,/,{},{},0.0,0.0,6.0,74.37928325668229,74.37928325668229,20181001202419,"Mon, 01 Oct 2018 20:24:19 +0200","Mozilla/5.0 (Windows NT 6.1) AppleWebKit/537.36 (KHTML, like Gecko) Chrome/69.0.3497.100 Safari/537.36",1024x600,1024x458,1058x1634,pq7q4jen7t5qejhgeki9l6dog5-native-top_left,pq7q4jen7t5qejhgeki9l6dog5,0,4
0,1538418478296,0,0,unload,/,{},{},0.0,0.0,298.0,0.0,-74.37928325668229,20181001202419,"Mon, 01 Oct 2018 20:24:19 +0200","Mozilla/5.0 (Windows NT 6.1) AppleWebKit/537.36 (KHTML, like Gecko) Chrome/69.0.3497.100 Safari/537.36",1024x600,1024x458,1058x1634,pq7q4jen7t5qejhgeki9l6dog5-native-top_left,pq7q4jen7t5qejhgeki9l6dog5,0,4
