cursor,timestamp,xpos,ypos,event,xpath,attrs,extras,xpos_scaled,ypos_scaled,timestamp_diff,speed,acceleration,log_id,date,ua,screen,window,document,task,user_id,ad_clicked,attention
0,1516284999557,0,0,load,/,{},{},0.0,0.0,1.0,0.0,0.0,20180118151120,"Thu, 18 Jan 2018 15:11:20 +0100","Mozilla/5.0 (Windows NT 6.1) AppleWebKit/537.36 (KHTML, like Gecko) Chrome/63.0.3239.132 Safari/537.36",1366x768,1366x662,1349x1539,gmc9jv4tvda0h54ouho2gmll37-native-top_left,gmc9jv4tvda0h54ouho2gmll37,0,4
0,1516285000383,614,13,mouseover,//*[@id='sfdiv'],{},"{""topRight"":156,""topLeft"":494,""bottomRight"":259,""bottomLeft"":535,""middle"":236,""inTarget"":false}",0.4494875549048316,0.019637462235649546,826.0,0.7435079984624183,0.7435079984624183,20180118151120,"Thu, 18 Jan 2018 15:11:20 +0100","Mozilla/5.0 (Windows NT 6.1) AppleWebKit/537.36 (KHTML, like Gecko) Chrome/63.0.3239.132 Safari/537.36",1366x768,1366x662,1349x1539,gmc9jv4tvda0h54ouho2gmll37-native-top_left,gmc9jv4tvda0h54ouho2gmll37,0,4
0,1516285000533,773,274,mousemove,//*[@id='rcnt'],{},"{""topRight"":176,""topLeft"":668,""bottomRight"":47,""bottomLeft"":646,""middle"":353,""inTarget"":false}",0.5658857979502196,0.41389728096676737,150.0,2.0374493858744076,1.2939413874119894,20180118151120,"Thu, 18 Jan 2018 15:11:20 +0100","Mozilla/5.0 (Windows NT 6.1) AppleWebKit/537.36 (KHTML, like Gecko) Chrome/63.0.3239.132 Safari/537.36",1366x768,1366x662,1349x1539,gmc9jv4tvda0h54ouho2gmll37-native-top_left,gmc9jv4tvda0h54ouho2gmll37,0,4
0,1516285000684,874,390,mousemove,//*[@id='rcnt'],{},"{""topRight"":318,""topLeft"":800,""bottomRight"":201,""bottomLeft"":762,""middle"":491,""inTarget"":false}",0.6398243045387995,0.5891238670694864,151.0,1.018598160738979,-1.0188512251354287,20180118151120,"Thu, 18 Jan 2018 15:11:20 +0100","Mozilla/5.0 (Windows NT 6.1) AppleWebKit/537.36 (KHTML, like Gecko) Chrome/63.0.3239.132 Safari/537.36",1366x768,1366x662,1349x1539,gmc9jv4tvda0h54ouho2gmll37-native-top_left,gmc9jv4tvda0h54ouho2gmll37,0,4
0,1516285001086,930,416,mousemove,//*[@id='rcnt'],{},"{""topRight"":367,""topLeft"":862,""bottomRight"":258,""bottomLeft"":822,""middle"":553,""inTarget"":false}",0.6808199121522694,0.6283987915407855,402.0,0.15358556259137443,-0.8650125981476045,20180118151120,"Thu, 18 Jan 2018 15:11:20 +0100","Mozilla/5.0 (Windows NT 6.1) AppleWebKit/537.36 (KHTML, like Gecko) Chrome/63.0.3239.132 Safari/537.36",1366x768,1366x662,1349x1539,gmc9jv4tvda0h54ouho2gmll37-native-top_left,gmc9jv4tvda0h54ouho2gmll37,0,4
0,1516285002296,927,419,mousemove,//*[@id='rcnt'],{},"{""topRight"":368,""topLeft"":860,""bottomRight"":258,""bottomLeft"":819,""middle"":551,""inTarget"":false}",0.678623718887262,0.6329305135951662,1210.0,0.0035063146174539542,-0.15007924797392047,20180118151120,"Thu, 18 Jan 2018 15:11:20 +0100","Mozilla/5.0 (Windows NT 6.1) AppleWebKit/537.36 (KHTML, like Gecko) Chrome/63.0.3239.132 Safari/537.36",1366x768,1366x662,1349x1539,gmc9jv4tvda0h54ouho2gmll37-native-top_left,gmc9jv4tvda0h54ouho2gmll37,0,4
0,1516285002462,325,255,mouseover,//*[@id='rso']/div/div[1]/div/h3/a/font/font,{},"{""topRight"":447,""topLeft"":251,""bottomRight"":419,""bottomLeft"":198,""middle"":141,""inTarget"":false}",0.23792093704245973,0.3851963746223565,166.0,3.7586692746521684,3.7551629600347143,20180118151120,"Thu, 18 Jan 2018 15:11:20 +0100","Mozilla/5.0 (Windows NT 6.1) AppleWebKit/537.36 (KHTML, like Gecko) Chrome/63.0.3239.132 Safari/537.36",1366x768,1366x662,1349x1539,gmc9jv4tvda0h54ouho2gmll37-native-top_left,gmc9jv4tvda0h54ouho2gmll37,0,4
0,1516285003030,0,0,blur,/,{},{},0.0,0.0,568.0,0.727285301610382,-3.0313839730417866,20180118151120,"Thu, 18 Jan 2018 15:11:20 +0100","Mozilla/5.0 (Windows NT 6.1) AppleWebKit/537.36 (KHTML, like Gecko) Chrome/63.0.3239.132 Safari/537.36",1366x768,1366x662,1349x1539,gmc9jv4tvda0h54ouho2gmll37-native-top_left,gmc9jv4tvda0h54ouho2gmll37,0,4
0,1516285021889,0,0,focus,/,{},{},0.0,0.0,18859.0,0.0,-0.727285301610382,20180118151120,"Thu, 18 Jan 2018 15:11:20 +0100","Mozilla/5.0 (Windows NT 6.1) AppleWebKit/537.36 (KHTML, like Gecko) Chrome/63.0.3239.132 Safari/537.36",1366x768,1366x662,1349x1539,gmc9jv4tvda0h54ouho2gmll37-native-top_left,gmc9jv4tvda0h54ouho2gmll37,0,4
0,1516285030367,673,2,mouseover,//*[@id='searchform']/div/div,{},"{""topRight"":121,""topLeft"":554,""bottomRight"":245,""bottomLeft"":594,""middle"":290,""inTarget"":false}",0.49267935578330896,0.0030211480362537764,8478.0,0.07938228022666205,0.07938228022666205,20180118151120,"Thu, 18 Jan 2018 15:11:20 +0100","Mozilla/5.0 (Windows NT 6.1) AppleWebKit/537.36 (KHTML, like Gecko) Chrome/63.0.3239.132 Safari/537.36",1366x768,1366x662,1349x1539,gmc9jv4tvda0h54ouho2gmll37-native-top_left,gmc9jv4tvda0h54ouho2gmll37,0,4
0,1516285030530,1365,19,mousemove,/html,{},"{""topRight"":626,""topLeft"":1240,""bottomRight"":658,""bottomLeft"":1256,""middle"":941,""inTarget"":false}",0.9992679355783309,0.028700906344410877,163.0,4.246679653575643,4.167297373348981,20180118151120,"Thu, 18 Jan 2018 15:11:20 +0100","Mozilla/5.0 (Windows NT 6.1) AppleWebKit/537.36 (KHTML, like Gecko) Chrome/63.0.3239.132 Safari/537.36",1366x768,1366x662,1349x1539,gmc9jv4tvda0h54ouho2gmll37-native-top_left,gmc9jv4tvda0h54ouho2gmll37,0,4
0,1516285031746,0,0,blur,/,{},{},0.0,0.0,1216.0,1.1226416348912391,-3.124038018684404,20180118151120,"Thu, 18 Jan 2018 15:11:20 +0100","Mozilla/5.0 (Windows NT 6.1) AppleWebKit/537.36 (KHTML, like Gecko) Chrome/63.0.3239.132 Safari/537.36",1366x768,1366x662,1349x1539,gmc9jv4tvda0h54ouho2gmll37-native-top_left,gmc9jv4tvda0h54ouho2gmll37,0,4
0,1516285032740,1160,59,mouseover,//*[@id='searchform']/div/div,{},"{""topRight"":418,""topLeft"":1033,""bottomRight"":452,""bottomLeft"":1047,""middle"":732,""inTarget"":false}",0.849194729136164,0.0891238670694864,994.0,1.1685105250529049,0.04586889016166573,20180118151120,"Thu, 18 Jan 2018 15:11:20 +0100","Mozilla/5.0 (Windows NT 6.1) AppleWebKit/537.36 (KHTML, like Gecko) Chrome/63.0.3239.132 Safari/537.36",1366x768,1366x662,1349x1539,gmc9jv4tvda0h54ouho2gmll37-native-top_left,gmc9jv4tvda0h54ouho2gmll37,0,4
0,1516285032740,0,0,focus,/,{},{},0.0,0.0,0.0,0.0,-1.1685105250529049,20180118151120,"Thu, 18 Jan 2018 15:11:20 +0100","Mozilla/5.0 (Windows NT 6.1) AppleWebKit/537.36 (KHTML, like Gecko) Chrome/63.0.3239.132 Safari/537.36",1366x768,1366x662,1349x1539,gmc9jv4tvda0h54ouho2gmll37-native-top_left,gmc9jv4tvda0h54ouho2gmll37,0,4
0,1516285033245,1160,60,mouseover,//*[@id='slim_appbar'],{},"{""topRight"":418,""topLeft"":1033,""bottomRight"":452,""bottomLeft"":1047,""middle"":732,""inTarget"":false}",0.849194729136164,0.09063444108761329,505.0,2.300100371601046,2.300100371601046,20180118151120,"Thu, 18 Jan 2018 15:11:20 +0100","Mozilla/5.0 (Windows NT 6.1) AppleWebKit/537.36 (KHTML, like Gecko) Chrome/63.0.3239.132 Safari/537.36",1366x768,1366x662,1349x1539,gmc9jv4tvda0h54ouho2gmll37-native-top_left,gmc9jv4tvda0h54ouho2gmll37,0,4
0,1516285033396,942,314,mousemove,//*[@id='rcnt'],{},"{""topRight"":292,""topLeft"":842,""bottomRight"":212,""bottomLeft"":818,""middle"":527,""inTarget"":false}",0.6896046852122987,0.4743202416918429,151.0,2.216713686815944,-0.08338668478510192,20180118151120,"Thu, 18 Jan 2018 15:11:20 +0100","Mozilla/5.0 (Windows NT 6.1) AppleWebKit/537.36 (KHTML, like Gecko) Chrome/63.0.3239.132 Safari/537.36",1366x768,1366x662,1349x1539,gmc9jv4tvda0h54ouho2gmll37-native-top_left,gmc9jv4tvda0h54ouho2gmll37,0,4
0,1516285033547,919,384,mousemove,//*[@id='rcnt'],{},"{""topRight"":334,""topLeft"":840,""bottomRight"":229,""bottomLeft"":805,""middle"":529,""inTarget"":false}",0.6727672035139092,0.5800604229607251,151.0,0.4879585965506926,-1.7287550902652513,20180118151120,"Thu, 18 Jan 2018 15:11:20 +0100","Mozilla/5.0 (Windows NT 6.1) AppleWebKit/537.36 (KHTML, like Gecko) Chrome/63.0.3239.132 Safari/537.36",1366x768,1366x662,1349x1539,gmc9jv4tvda0h54ouho2gmll37-native-top_left,gmc9jv4tvda0h54ouho2gmll37,0,4
0,1516285033953,917,390,mousemove,//*[@id='rcnt'],{},"{""topRight"":338,""topLeft"":841,""bottomRight"":231,""bottomLeft"":804,""middle"":530,""inTarget"":false}",0.671303074670571,0.5891238670694864,406.0,0.015577722463883644,-0.47238087408680896,20180118151120,"Thu, 18 Jan 2018 15:11:20 +0100","Mozilla/5.0 (Windows NT 6.1) AppleWebKit/537.36 (KHTML, like Gecko) Chrome/63.0.3239.132 Safari/537.36",1366x768,1366x662,1349x1539,gmc9jv4tvda0h54ouho2gmll37-native-top_left,gmc9jv4tvda0h54ouho2gmll37,0,4
0,1516285036904,910,395,mousemove,//*[@id='rcnt'],{},"{""topRight"":338,""topLeft"":836,""bottomRight"":229,""bottomLeft"":798,""middle"":525,""inTarget"":false}",0.6661786237188873,0.5966767371601208,2951.0,0.0029150543094010935,-0.01266266815448255,20180118151120,"Thu, 18 Jan 2018 15:11:20 +0100","Mozilla/5.0 (Windows NT 6.1) AppleWebKit/537.36 (KHTML, like Gecko) Chrome/63.0.3239.132 Safari/537.36",1366x768,1366x662,1349x1539,gmc9jv4tvda0h54ouho2gmll37-native-top_left,gmc9jv4tvda0h54ouho2gmll37,0,4
0,1516285037071,804,395,mousemove,//*[@id='rcnt'],{},"{""topRight"":301,""topLeft"":738,""bottomRight"":169,""bottomLeft"":694,""middle"":432,""inTarget"":false}",0.5885797950219619,0.5966767371601208,167.0,0.6347305389221557,0.6318154846127546,20180118151120,"Thu, 18 Jan 2018 15:11:20 +0100","Mozilla/5.0 (Windows NT 6.1) AppleWebKit/537.36 (KHTML, like Gecko) Chrome/63.0.3239.132 Safari/537.36",1366x768,1366x662,1349x1539,gmc9jv4tvda0h54ouho2gmll37-native-top_left,gmc9jv4tvda0h54ouho2gmll37,0,4
0,1516285037235,129,366,mouseover,//*[@id='res'],{},"{""topRight"":670,""topLeft"":266,""bottomRight"":628,""bottomLeft"":129,""middle"":365,""inTarget"":false}",0.09443631039531479,0.552870090634441,164.0,4.119650461946247,3.484919923024091,20180118151120,"Thu, 18 Jan 2018 15:11:20 +0100","Mozilla/5.0 (Windows NT 6.1) AppleWebKit/537.36 (KHTML, like Gecko) Chrome/63.0.3239.132 Safari/537.36",1366x768,1366x662,1349x1539,gmc9jv4tvda0h54ouho2gmll37-native-top_left,gmc9jv4tvda0h54ouho2gmll37,0,4
0,1516285037453,130,366,mousemove,//*[@id='res'],{},"{""topRight"":669,""topLeft"":266,""bottomRight"":627,""bottomLeft"":129,""middle"":364,""inTarget"":false}",0.0951683748169839,0.552870090634441,218.0,0.0045871559633027525,-4.115063305982944,20180118151120,"Thu, 18 Jan 2018 15:11:20 +0100","Mozilla/5.0 (Windows NT 6.1) AppleWebKit/537.36 (KHTML, like Gecko) Chrome/63.0.3239.132 Safari/537.36",1366x768,1366x662,1349x1539,gmc9jv4tvda0h54ouho2gmll37-native-top_left,gmc9jv4tvda0h54ouho2gmll37,0,4
0,1516285037604,223,363,mousemove,//*[@id='rso']/div/div[2]/div/h3/a,{},"{""topRight"":584,""topLeft"":280,""bottomRight"":536,""bottomLeft"":158,""middle"":288,""inTarget"":false}",0.16325036603221083,0.5483383685800605,151.0,0.6162144007657281,0.6116272448024254,20180118151120,"Thu, 18 Jan 2018 15:11:20 +0100","Mozilla/5.0 (Windows NT 6.1) AppleWebKit/537.36 (KHTML, like Gecko) Chrome/63.0.3239.132 Safari/537.36",1366x768,1366x662,1349x1539,gmc9jv4tvda0h54ouho2gmll37-native-top_left,gmc9jv4tvda0h54ouho2gmll37,0,4
0,1516285037955,253,369,mousemove,//*[@id='rso']/div/div[2]/div/h3/a,{},"{""topRight"":560,""topLeft"":297,""bottomRight"":508,""bottomLeft"":182,""middle"":271,""inTarget"":false}",0.18521229868228403,0.5574018126888217,351.0,0.0871627267280818,-0.5290516740376463,20180118151120,"Thu, 18 Jan 2018 15:11:20 +0100","Mozilla/5.0 (Windows NT 6.1) AppleWebKit/537.36 (KHTML, like Gecko) Chrome/63.0.3239.132 Safari/537.36",1366x768,1366x662,1349x1539,gmc9jv4tvda0h54ouho2gmll37-native-top_left,gmc9jv4tvda0h54ouho2gmll37,0,4
0,1516285041007,254,367,mousemove,//*[@id='rso']/div/div[2]/div/h3/a,{},"{""topRight"":558,""topLeft"":295,""bottomRight"":507,""bottomLeft"":181,""middle"":269,""inTarget"":false}",0.18594436310395315,0.554380664652568,3052.0,0.0007326566112384632,-0.08643007011684334,20180118151120,"Thu, 18 Jan 2018 15:11:20 +0100","Mozilla/5.0 (Windows NT 6.1) AppleWebKit/537.36 (KHTML, like Gecko) Chrome/63.0.3239.132 Safari/537.36",1366x768,1366x662,1349x1539,gmc9jv4tvda0h54ouho2gmll37-native-top_left,gmc9jv4tvda0h54ouho2gmll37,0,4
0,1516285041195,277,295,mousemove,//*[@id='rso']/div/div[1]/div/div/div/div[2],{},"{""topRight"":506,""topLeft"":245,""bottomRight"":471,""bottomLeft"":160,""middle"":203,""inTarget"":false}",0.2027818448023426,0.44561933534743203,188.0,0.40204462724887036,0.4013119706376319,20180118151120,"Thu, 18 Jan 2018 15:11:20 +0100","Mozilla/5.0 (Windows NT 6.1) AppleWebKit/537.36 (KHTML, like Gecko) Chrome/63.0.3239.132 Safari/537.36",1366x768,1366x662,1349x1539,gmc9jv4tvda0h54ouho2gmll37-native-top_left,gmc9jv4tvda0h54ouho2gmll37,0,4
0,1516285041346,284,268,mousemove,//*[@id='rso']/div/div[1]/div/div/div/div[1]/cite,{},"{""topRight"":490,""topLeft"":229,""bottomRight"":461,""bottomLeft"":159,""middle"":182,""inTarget"":false}",0.20790629575402636,0.40483383685800606,151.0,0.18471954544346164,-0.21732508180540872,20180118151120,"Thu, 18 Jan 2018 15:11:20 +0100","Mozilla/5.0 (Windows NT 6.1) AppleWebKit/537.36 (KHTML, like Gecko) Chrome/63.0.3239.132 Safari/537.36",1366x768,1366x662,1349x1539,gmc9jv4tvda0h54ouho2gmll37-native-top_left,gmc9jv4tvda0h54ouho2gmll37,0,4
0,1516285041510,289,255,mousemove,//*[@id='rso']/div/div[1]/div/h3/a,{},"{""topRight"":481,""topLeft"":223,""bottomRight"":455,""bottomLeft"":162,""middle"":171,""inTarget"":false}",0.21156661786237188,0.3851963746223565,164.0,0.08492919681209829,-0.09979034863136335,20180118151120,"Thu, 18 Jan 2018 15:11:20 +0100","Mozilla/5.0 (Windows NT 6.1) AppleWebKit/537.36 (KHTML, like Gecko) Chrome/63.0.3239.132 Safari/537.36",1366x768,1366x662,1349x1539,gmc9jv4tvda0h54ouho2gmll37-native-top_left,gmc9jv4tvda0h54ouho2gmll37,0,4
0,1516285041676,289,255,mousedown,//*[@id='rso']/div/div[1]/div/h3/a,{},"{""topRight"":481,""topLeft"":223,""bottomRight"":455,""bottomLeft"":162,""middle"":171,""inTarget"":false}",0.21156661786237188,0.3851963746223565,166.0,0.0,-0.08492919681209829,20180118151120,"Thu, 18 Jan 2018 15:11:20 +0100","Mozilla/5.0 (Windows NT 6.1) AppleWebKit/537.36 (KHTML, like Gecko) Chrome/63.0.3239.132 Safari/537.36",1366x768,1366x662,1349x1539,gmc9jv4tvda0h54ouho2gmll37-native-top_left,gmc9jv4tvda0h54ouho2gmll37,0,4
0,1516285041838,289,255,mouseup,//*[@id='rso']/div/div[1]/div/h3/a,{},"{""topRight"":481,""topLeft"":223,""bottomRight"":455,""bottomLeft"":162,""middle"":171,""inTarget"":false}",0.21156661786237188,0.3851963746223565,162.0,0.0,0.0,20180118151120,"Thu, 18 Jan 2018 15:11:20 +0100","Mozilla/5.0 (Windows NT 6.1) AppleWebKit/537.36 (KHTML, like Gecko) Chrome/63.0.3239.132 Safari/537.36",1366x768,1366x662,1349x1539,gmc9jv4tvda0h54ouho2gmll37-native-top_left,gmc9jv4tvda0h54ouho2gmll37,0,4
0,1516285041841,289,255,click,//*[@id='rso']/div/div[1]/div/h3/a,{},"{""topRight"":481,""topLeft"":223,""bottomRight"":455,""bottomLeft"":162,""middle"":171,""inTarget"":false}",0.21156661786237188,0.3851963746223565,3.0,0.0,0.0,20180118151120,"Thu, 18 Jan 2018 15:11:20 +0100","Mozilla/5.0 (Windows NT 6.1) AppleWebKit/537.36 (KHTML, like Gecko) Chrome/63.0.3239.132 Safari/537.36",1366x768,1366x662,1349x1539,gmc9jv4tvda0h54ouho2gmll37-native-top_left,gmc9jv4tvda0h54ouho2gmll37,0,4
0,1516285041843,0,0,beforeunload,/,{},{},0.0,0.0,2.0,192.70832882882877,192.70832882882877,20180118151120,"Thu, 18 Jan 2018 15:11:20 +0100","Mozilla/5.0 (Windows NT 6.1) AppleWebKit/537.36 (KHTML, like Gecko) Chrome/63.0.3239.132 Safari/537.36",1366x768,1366x662,1349x1539,gmc9jv4tvda0h54ouho2gmll37-native-top_left,gmc9jv4tvda0h54ouho2gmll37,0,4
0,1516285042057,0,0,unload,/,{},{},0.0,0.0,214.0,0.0,-192.70832882882877,20180118151120,"Thu, 18 Jan 2018 15:11:20 +0100","Mozilla/5.0 (Windows NT 6.1) AppleWebKit/537.36 (KHTML, like Gecko) Chrome/63.0.3239.132 Safari/537.36",1366x768,1366x662,1349x1539,gmc9jv4tvda0h54ouho2gmll37-native-top_left,gmc9jv4tvda0h54ouho2gmll37,0,4
