cursor,timestamp,xpos,ypos,event,xpath,attrs,extras,xpos_scaled,ypos_scaled,timestamp_diff,speed,acceleration,log_id,date,ua,screen,window,document,task,user_id,ad_clicked,attention
0,1516961915447,0,0,load,/,{},{},0.0,0.0,1.0,0.0,0.0,20180126111626,"Fri, 26 Jan 2018 11:16:26 +0100",Mozilla/5.0 (Windows NT 6.3; WOW64; rv:54.0) Gecko/20100101 Firefox/54.0,1536x864,1536x734,1519x1857,r0p77ti5ug561vmaq5hl6m9fb7-dd-top_left,r0p77ti5ug561vmaq5hl6m9fb7,0,2
0,1516961916737,0,0,focus,/,{},{},0.0,0.0,1290.0,0.0,0.0,20180126111626,"Fri, 26 Jan 2018 11:16:26 +0100",Mozilla/5.0 (Windows NT 6.3; WOW64; rv:54.0) Gecko/20100101 Firefox/54.0,1536x864,1536x734,1519x1857,r0p77ti5ug561vmaq5hl6m9fb7-dd-top_left,r0p77ti5ug561vmaq5hl6m9fb7,0,2
0,1516961920068,878,6,mouseover,//*[@id='searchform']/div/div,{},"{""topRight"":167,""topLeft"":757,""bottomRight"":359,""bottomLeft"":821,""middle"":492,""inTarget"":false}",0.5716145833333334,0.008174386920980926,3331.0,0.2635906637344968,0.2635906637344968,20180126111626,"Fri, 26 Jan 2018 11:16:26 +0100",Mozilla/5.0 (Windows NT 6.3; WOW64; rv:54.0) Gecko/20100101 Firefox/54.0,1536x864,1536x734,1519x1857,r0p77ti5ug561vmaq5hl6m9fb7-dd-top_left,r0p77ti5ug561vmaq5hl6m9fb7,0,2
0,1516961920219,870,37,mousemove,//*[@id='searchform']/div/div,{},"{""topRight"":144,""topLeft"":745,""bottomRight"":327,""bottomLeft"":801,""middle"":472,""inTarget"":false}",0.56640625,0.05040871934604905,151.0,0.21202398137194864,-0.05156668236254816,20180126111626,"Fri, 26 Jan 2018 11:16:26 +0100",Mozilla/5.0 (Windows NT 6.3; WOW64; rv:54.0) Gecko/20100101 Firefox/54.0,1536x864,1536x734,1519x1857,r0p77ti5ug561vmaq5hl6m9fb7-dd-top_left,r0p77ti5ug561vmaq5hl6m9fb7,0,2
0,1516961920377,868,52,mousemove,//*[@id='searchform']/div/div,{},"{""topRight"":135,""topLeft"":742,""bottomRight"":313,""bottomLeft"":794,""middle"":464,""inTarget"":false}",0.5651041666666666,0.07084468664850137,158.0,0.0957768731039339,-0.11624710826801474,20180126111626,"Fri, 26 Jan 2018 11:16:26 +0100",Mozilla/5.0 (Windows NT 6.3; WOW64; rv:54.0) Gecko/20100101 Firefox/54.0,1536x864,1536x734,1519x1857,r0p77ti5ug561vmaq5hl6m9fb7-dd-top_left,r0p77ti5ug561vmaq5hl6m9fb7,0,2
0,1516961920545,858,80,mousemove,//*[@id='slim_appbar'],{},"{""topRight"":117,""topLeft"":730,""bottomRight"":283,""bottomLeft"":775,""middle"":445,""inTarget"":false}",0.55859375,0.10899182561307902,168.0,0.17697700889664889,0.08120013579271498,20180126111626,"Fri, 26 Jan 2018 11:16:26 +0100",Mozilla/5.0 (Windows NT 6.3; WOW64; rv:54.0) Gecko/20100101 Firefox/54.0,1536x864,1536x734,1519x1857,r0p77ti5ug561vmaq5hl6m9fb7-dd-top_left,r0p77ti5ug561vmaq5hl6m9fb7,0,2
0,1516961920855,845,105,mouseover,//*[@id='cnt'],{},"{""topRight"":101,""topLeft"":717,""bottomRight"":255,""bottomLeft"":754,""middle"":426,""inTarget"":false}",0.5501302083333334,0.14305177111716622,310.0,0.09089679228132498,-0.0860802166153239,20180126111626,"Fri, 26 Jan 2018 11:16:26 +0100",Mozilla/5.0 (Windows NT 6.3; WOW64; rv:54.0) Gecko/20100101 Firefox/54.0,1536x864,1536x734,1519x1857,r0p77ti5ug561vmaq5hl6m9fb7-dd-top_left,r0p77ti5ug561vmaq5hl6m9fb7,0,2
0,1516961921410,0,3,scroll,/,{},{},0.0,0.004087193460490463,555.0,1.5335746837928141,1.442677891511489,20180126111626,"Fri, 26 Jan 2018 11:16:26 +0100",Mozilla/5.0 (Windows NT 6.3; WOW64; rv:54.0) Gecko/20100101 Firefox/54.0,1536x864,1536x734,1519x1857,r0p77ti5ug561vmaq5hl6m9fb7-dd-top_left,r0p77ti5ug561vmaq5hl6m9fb7,0,2
0,1516961921574,0,64,scroll,/,{},{},0.0,0.08719346049046321,164.0,0.3719512195121951,-1.161623464280619,20180126111626,"Fri, 26 Jan 2018 11:16:26 +0100",Mozilla/5.0 (Windows NT 6.3; WOW64; rv:54.0) Gecko/20100101 Firefox/54.0,1536x864,1536x734,1519x1857,r0p77ti5ug561vmaq5hl6m9fb7-dd-top_left,r0p77ti5ug561vmaq5hl6m9fb7,0,2
0,1516961921751,0,110,scroll,/,{},{},0.0,0.14986376021798364,177.0,0.2598870056497175,-0.11206421386247761,20180126111626,"Fri, 26 Jan 2018 11:16:26 +0100",Mozilla/5.0 (Windows NT 6.3; WOW64; rv:54.0) Gecko/20100101 Firefox/54.0,1536x864,1536x734,1519x1857,r0p77ti5ug561vmaq5hl6m9fb7-dd-top_left,r0p77ti5ug561vmaq5hl6m9fb7,0,2
0,1516961922488,840,218,mousemove,//*[@id='rcnt'],{},"{""topRight"":148,""topLeft"":721,""bottomRight"":154,""bottomLeft"":722,""middle"":404,""inTarget"":false}",0.546875,0.2970027247956403,737.0,1.149137584060389,0.8892505784106715,20180126111626,"Fri, 26 Jan 2018 11:16:26 +0100",Mozilla/5.0 (Windows NT 6.3; WOW64; rv:54.0) Gecko/20100101 Firefox/54.0,1536x864,1536x734,1519x1857,r0p77ti5ug561vmaq5hl6m9fb7-dd-top_left,r0p77ti5ug561vmaq5hl6m9fb7,0,2
0,1516961922640,831,230,mousemove,//*[@id='rcnt'],{},"{""topRight"":151,""topLeft"":714,""bottomRight"":139,""bottomLeft"":711,""middle"":395,""inTarget"":false}",0.541015625,0.3133514986376022,152.0,0.09868421052631579,-1.0504533735340733,20180126111626,"Fri, 26 Jan 2018 11:16:26 +0100",Mozilla/5.0 (Windows NT 6.3; WOW64; rv:54.0) Gecko/20100101 Firefox/54.0,1536x864,1536x734,1519x1857,r0p77ti5ug561vmaq5hl6m9fb7-dd-top_left,r0p77ti5ug561vmaq5hl6m9fb7,0,2
0,1516961922792,766,302,mousemove,//*[@id='rcnt'],{},"{""topRight"":197,""topLeft"":667,""bottomRight"":43,""bottomLeft"":639,""middle"":339,""inTarget"":false}",0.4986979166666667,0.4114441416893733,152.0,0.6381578947368421,0.5394736842105263,20180126111626,"Fri, 26 Jan 2018 11:16:26 +0100",Mozilla/5.0 (Windows NT 6.3; WOW64; rv:54.0) Gecko/20100101 Firefox/54.0,1536x864,1536x734,1519x1857,r0p77ti5ug561vmaq5hl6m9fb7-dd-top_left,r0p77ti5ug561vmaq5hl6m9fb7,0,2
0,1516961922943,724,346,mouseover,//*[@id='tads'],{},"{""topRight"":241,""topLeft"":643,""bottomRight"":21,""bottomLeft"":596,""middle"":313,""inTarget"":false}",0.4713541666666667,0.4713896457765668,151.0,0.40283195564888874,-0.2353259390879534,20180126111626,"Fri, 26 Jan 2018 11:16:26 +0100",Mozilla/5.0 (Windows NT 6.3; WOW64; rv:54.0) Gecko/20100101 Firefox/54.0,1536x864,1536x734,1519x1857,r0p77ti5ug561vmaq5hl6m9fb7-dd-top_left,r0p77ti5ug561vmaq5hl6m9fb7,0,2
0,1516961923112,706,372,mousemove,//*[@id='rso']/div[1]/div[1]/div/h3,{},"{""topRight"":269,""topLeft"":636,""bottomRight"":50,""bottomLeft"":579,""middle"":309,""inTarget"":false}",0.4596354166666667,0.5068119891008175,169.0,0.1871170213117384,-0.21571493433715033,20180126111626,"Fri, 26 Jan 2018 11:16:26 +0100",Mozilla/5.0 (Windows NT 6.3; WOW64; rv:54.0) Gecko/20100101 Firefox/54.0,1536x864,1536x734,1519x1857,r0p77ti5ug561vmaq5hl6m9fb7-dd-top_left,r0p77ti5ug561vmaq5hl6m9fb7,0,2
0,1516961923296,699,379,mousemove,//*[@id='rso']/div[1]/div[1]/div/h3,{},"{""topRight"":277,""topLeft"":633,""bottomRight"":60,""bottomLeft"":572,""middle"":306,""inTarget"":false}",0.455078125,0.5163487738419619,184.0,0.05380160291636775,-0.13331541839537064,20180126111626,"Fri, 26 Jan 2018 11:16:26 +0100",Mozilla/5.0 (Windows NT 6.3; WOW64; rv:54.0) Gecko/20100101 Firefox/54.0,1536x864,1536x734,1519x1857,r0p77ti5ug561vmaq5hl6m9fb7-dd-top_left,r0p77ti5ug561vmaq5hl6m9fb7,0,2
0,1516961923464,730,384,mousemove,//*[@id='rso']/div[1]/div[1]/div/div/div/div[1],{},"{""topRight"":278,""topLeft"":663,""bottomRight"":47,""bottomLeft"":604,""middle"":335,""inTarget"":false}",0.4752604166666667,0.5231607629427792,168.0,0.18690855319175692,0.13310695027538916,20180126111626,"Fri, 26 Jan 2018 11:16:26 +0100",Mozilla/5.0 (Windows NT 6.3; WOW64; rv:54.0) Gecko/20100101 Firefox/54.0,1536x864,1536x734,1519x1857,r0p77ti5ug561vmaq5hl6m9fb7-dd-top_left,r0p77ti5ug561vmaq5hl6m9fb7,0,2
0,1516961923720,729,384,mousemove,//*[@id='rso']/div[1]/div[1]/div/div/div/div[1],{},"{""topRight"":278,""topLeft"":662,""bottomRight"":47,""bottomLeft"":603,""middle"":335,""inTarget"":false}",0.474609375,0.5231607629427792,256.0,0.00390625,-0.18300230319175692,20180126111626,"Fri, 26 Jan 2018 11:16:26 +0100",Mozilla/5.0 (Windows NT 6.3; WOW64; rv:54.0) Gecko/20100101 Firefox/54.0,1536x864,1536x734,1519x1857,r0p77ti5ug561vmaq5hl6m9fb7-dd-top_left,r0p77ti5ug561vmaq5hl6m9fb7,0,2
0,1516961923895,671,387,mousemove,//*[@id='rso']/div[1]/div[1]/div/div/div/div[1],{},"{""topRight"":290,""topLeft"":611,""bottomRight"":87,""bottomLeft"":545,""middle"":287,""inTarget"":false}",0.4368489583333333,0.5272479564032697,175.0,0.3318716250452938,0.3279653750452938,20180126111626,"Fri, 26 Jan 2018 11:16:26 +0100",Mozilla/5.0 (Windows NT 6.3; WOW64; rv:54.0) Gecko/20100101 Firefox/54.0,1536x864,1536x734,1519x1857,r0p77ti5ug561vmaq5hl6m9fb7-dd-top_left,r0p77ti5ug561vmaq5hl6m9fb7,0,2
0,1516961924045,517,394,mousemove,//*[@id='rso']/div[1]/div[1]/div/div/div/div[1],{},"{""topRight"":367,""topLeft"":484,""bottomRight"":234,""bottomLeft"":393,""middle"":190,""inTarget"":false}",0.3365885416666667,0.5367847411444142,150.0,1.0277267254587779,0.6958551004134841,20180126111626,"Fri, 26 Jan 2018 11:16:26 +0100",Mozilla/5.0 (Windows NT 6.3; WOW64; rv:54.0) Gecko/20100101 Firefox/54.0,1536x864,1536x734,1519x1857,r0p77ti5ug561vmaq5hl6m9fb7-dd-top_left,r0p77ti5ug561vmaq5hl6m9fb7,0,2
0,1516961924213,386,398,mousemove,//*[@id='rso']/div[1]/div[1]/div/div/div,{},"{""topRight"":462,""topLeft"":390,""bottomRight"":363,""bottomLeft"":265,""middle"":182,""inTarget"":false}",0.2513020833333333,0.5422343324250681,168.0,0.7801253242537062,-0.24760140120507168,20180126111626,"Fri, 26 Jan 2018 11:16:26 +0100",Mozilla/5.0 (Windows NT 6.3; WOW64; rv:54.0) Gecko/20100101 Firefox/54.0,1536x864,1536x734,1519x1857,r0p77ti5ug561vmaq5hl6m9fb7-dd-top_left,r0p77ti5ug561vmaq5hl6m9fb7,0,2
0,1516961924378,317,385,mousemove,//*[@id='rso']/div[1]/div[1]/div/div/div/div[1]/cite/b[2],{},"{""topRight"":510,""topLeft"":337,""bottomRight"":429,""bottomLeft"":195,""middle"":201,""inTarget"":false}",0.20638020833333334,0.5245231607629428,165.0,0.42553914379495655,-0.3545861804587496,20180126111626,"Fri, 26 Jan 2018 11:16:26 +0100",Mozilla/5.0 (Windows NT 6.3; WOW64; rv:54.0) Gecko/20100101 Firefox/54.0,1536x864,1536x734,1519x1857,r0p77ti5ug561vmaq5hl6m9fb7-dd-top_left,r0p77ti5ug561vmaq5hl6m9fb7,0,2
0,1516961924646,268,366,mouseover,//*[@id='rso']/div[1]/div[1]/div/h3/a,{},"{""topRight"":542,""topLeft"":295,""bottomRight"":477,""bottomLeft"":143,""middle"":221,""inTarget"":false}",0.17447916666666666,0.4986376021798365,268.0,0.19609975139508826,-0.2294393923998683,20180126111626,"Fri, 26 Jan 2018 11:16:26 +0100",Mozilla/5.0 (Windows NT 6.3; WOW64; rv:54.0) Gecko/20100101 Firefox/54.0,1536x864,1536x734,1519x1857,r0p77ti5ug561vmaq5hl6m9fb7-dd-top_left,r0p77ti5ug561vmaq5hl6m9fb7,0,2
0,1516961924904,267,365,mousemove,//*[@id='rso']/div[1]/div[1]/div/h3/a,{},"{""topRight"":543,""topLeft"":294,""bottomRight"":478,""bottomLeft"":141,""middle"":221,""inTarget"":false}",0.173828125,0.49727520435967304,258.0,0.0054814479161747875,-0.19061830347891348,20180126111626,"Fri, 26 Jan 2018 11:16:26 +0100",Mozilla/5.0 (Windows NT 6.3; WOW64; rv:54.0) Gecko/20100101 Firefox/54.0,1536x864,1536x734,1519x1857,r0p77ti5ug561vmaq5hl6m9fb7-dd-top_left,r0p77ti5ug561vmaq5hl6m9fb7,0,2
0,1516961927552,267,365,mousedown,//*[@id='rso']/div[1]/div[1]/div/h3/a,{},"{""topRight"":543,""topLeft"":294,""bottomRight"":478,""bottomLeft"":141,""middle"":221,""inTarget"":false}",0.173828125,0.49727520435967304,2648.0,0.0,-0.0054814479161747875,20180126111626,"Fri, 26 Jan 2018 11:16:26 +0100",Mozilla/5.0 (Windows NT 6.3; WOW64; rv:54.0) Gecko/20100101 Firefox/54.0,1536x864,1536x734,1519x1857,r0p77ti5ug561vmaq5hl6m9fb7-dd-top_left,r0p77ti5ug561vmaq5hl6m9fb7,0,2
0,1516961927683,267,365,mouseup,//*[@id='rso']/div[1]/div[1]/div/h3/a,{},"{""topRight"":543,""topLeft"":294,""bottomRight"":478,""bottomLeft"":141,""middle"":221,""inTarget"":false}",0.173828125,0.49727520435967304,131.0,0.0,0.0,20180126111626,"Fri, 26 Jan 2018 11:16:26 +0100",Mozilla/5.0 (Windows NT 6.3; WOW64; rv:54.0) Gecko/20100101 Firefox/54.0,1536x864,1536x734,1519x1857,r0p77ti5ug561vmaq5hl6m9fb7-dd-top_left,r0p77ti5ug561vmaq5hl6m9fb7,0,2
0,1516961927684,0,0,beforeunload,/,{},{},0.0,0.0,1.0,452.2322412212557,452.2322412212557,20180126111626,"Fri, 26 Jan 2018 11:16:26 +0100",Mozilla/5.0 (Windows NT 6.3; WOW64; rv:54.0) Gecko/20100101 Firefox/54.0,1536x864,1536x734,1519x1857,r0p77ti5ug561vmaq5hl6m9fb7-dd-top_left,r0p77ti5ug561vmaq5hl6m9fb7,0,2
0,1516961927689,267,365,click,//*[@id='rso']/div[1]/div[1]/div/h3/a,{},"{""topRight"":543,""topLeft"":294,""bottomRight"":478,""bottomLeft"":141,""middle"":221,""inTarget"":false}",0.173828125,0.49727520435967304,5.0,90.44644824425114,-361.7857929770046,20180126111626,"Fri, 26 Jan 2018 11:16:26 +0100",Mozilla/5.0 (Windows NT 6.3; WOW64; rv:54.0) Gecko/20100101 Firefox/54.0,1536x864,1536x734,1519x1857,r0p77ti5ug561vmaq5hl6m9fb7-dd-top_left,r0p77ti5ug561vmaq5hl6m9fb7,0,2
0,1516961928392,0,0,unload,/,{},{},0.0,0.0,703.0,0.6432891055778887,-89.80315913867325,20180126111626,"Fri, 26 Jan 2018 11:16:26 +0100",Mozilla/5.0 (Windows NT 6.3; WOW64; rv:54.0) Gecko/20100101 Firefox/54.0,1536x864,1536x734,1519x1857,r0p77ti5ug561vmaq5hl6m9fb7-dd-top_left,r0p77ti5ug561vmaq5hl6m9fb7,0,2
