cursor,timestamp,xpos,ypos,event,xpath,attrs,extras,xpos_scaled,ypos_scaled,timestamp_diff,speed,acceleration,log_id,date,ua,screen,window,document,task,user_id,ad_clicked,attention
0,1531996336863,0,0,load,/,{},{},0.0,0.0,1.0,0.0,0.0,20180719122941,"Thu, 19 Jul 2018 12:29:41 +0200",Mozilla/5.0 (Windows NT 6.1; WOW64; rv:61.0) Gecko/20100101 Firefox/61.0,1366x768,1366x644,1349x1626,jvr7uf41f1i6von9lss61f8v90-dd-top_right,jvr7uf41f1i6von9lss61f8v90,0,4
0,1531996343629,261,340,mousemove,//*[@id='rso']/div[2]/div[3]/div/div/div/div/cite,{},"{""topRight"":1010,""topLeft"":578,""bottomRight"":1043,""bottomLeft"":633,""middle"":758,""inTarget"":false}",0.1910688140556369,0.5279503105590062,6766.0,0.06335011489290335,0.06335011489290335,20180719122941,"Thu, 19 Jul 2018 12:29:41 +0200",Mozilla/5.0 (Windows NT 6.1; WOW64; rv:61.0) Gecko/20100101 Firefox/61.0,1366x768,1366x644,1349x1626,jvr7uf41f1i6von9lss61f8v90-dd-top_right,jvr7uf41f1i6von9lss61f8v90,0,4
0,1531996343784,261,305,mouseover,//*[@id='rso']/div[2],{},"{""topRight"":1003,""topLeft"":565,""bottomRight"":1055,""bottomLeft"":653,""middle"":762,""inTarget"":false}",0.1910688140556369,0.47360248447204967,155.0,0.22580645161290322,0.16245633671999987,20180719122941,"Thu, 19 Jul 2018 12:29:41 +0200",Mozilla/5.0 (Windows NT 6.1; WOW64; rv:61.0) Gecko/20100101 Firefox/61.0,1366x768,1366x644,1349x1626,jvr7uf41f1i6von9lss61f8v90-dd-top_right,jvr7uf41f1i6von9lss61f8v90,0,4
0,1531996343946,262,269,mouseover,//*[@id='rso']/div[2]/div[2]/div/div/div,{},"{""topRight"":995,""topLeft"":553,""bottomRight"":1068,""bottomLeft"":674,""middle"":766,""inTarget"":false}",0.191800878477306,0.41770186335403725,162.0,0.22230793957245812,-0.003498512040445101,20180719122941,"Thu, 19 Jul 2018 12:29:41 +0200",Mozilla/5.0 (Windows NT 6.1; WOW64; rv:61.0) Gecko/20100101 Firefox/61.0,1366x768,1366x644,1349x1626,jvr7uf41f1i6von9lss61f8v90-dd-top_right,jvr7uf41f1i6von9lss61f8v90,0,4
0,1531996344717,263,264,mousemove,//*[@id='rso']/div[2]/div[2]/div/div/div/span,{},"{""topRight"":994,""topLeft"":550,""bottomRight"":1069,""bottomLeft"":676,""middle"":766,""inTarget"":false}",0.1925329428989751,0.40993788819875776,771.0,0.0066135142848155444,-0.21569442528764257,20180719122941,"Thu, 19 Jul 2018 12:29:41 +0200",Mozilla/5.0 (Windows NT 6.1; WOW64; rv:61.0) Gecko/20100101 Firefox/61.0,1366x768,1366x644,1349x1626,jvr7uf41f1i6von9lss61f8v90-dd-top_right,jvr7uf41f1i6von9lss61f8v90,0,4
0,1531996344918,265,256,mousemove,//*[@id='rso']/div[2]/div[2]/div/div/div/span,{},"{""topRight"":990,""topLeft"":546,""bottomRight"":1070,""bottomLeft"":680,""middle"":765,""inTarget"":false}",0.19399707174231332,0.39751552795031053,201.0,0.0410259266230613,0.034412412338245754,20180719122941,"Thu, 19 Jul 2018 12:29:41 +0200",Mozilla/5.0 (Windows NT 6.1; WOW64; rv:61.0) Gecko/20100101 Firefox/61.0,1366x768,1366x644,1349x1626,jvr7uf41f1i6von9lss61f8v90-dd-top_right,jvr7uf41f1i6von9lss61f8v90,0,4
0,1531996345069,265,248,mouseover,//*[@id='rso']/div[2]/div[2]/div/div/div/div/cite/b,{},"{""topRight"":989,""topLeft"":544,""bottomRight"":1073,""bottomLeft"":685,""middle"":767,""inTarget"":false}",0.19399707174231332,0.38509316770186336,151.0,0.052980132450331126,0.011954205827269825,20180719122941,"Thu, 19 Jul 2018 12:29:41 +0200",Mozilla/5.0 (Windows NT 6.1; WOW64; rv:61.0) Gecko/20100101 Firefox/61.0,1366x768,1366x644,1349x1626,jvr7uf41f1i6von9lss61f8v90-dd-top_right,jvr7uf41f1i6von9lss61f8v90,0,4
0,1531996345219,266,235,mousemove,//*[@id='rso']/div[2]/div[2]/div/div/div/div/cite/b,{},"{""topRight"":986,""topLeft"":540,""bottomRight"":1078,""bottomLeft"":693,""middle"":768,""inTarget"":false}",0.19472913616398244,0.36490683229813664,150.0,0.08692269873603532,0.0339425662857042,20180719122941,"Thu, 19 Jul 2018 12:29:41 +0200",Mozilla/5.0 (Windows NT 6.1; WOW64; rv:61.0) Gecko/20100101 Firefox/61.0,1366x768,1366x644,1349x1626,jvr7uf41f1i6von9lss61f8v90-dd-top_right,jvr7uf41f1i6von9lss61f8v90,0,4
0,1531996345373,266,232,mouseover,//*[@id='rso']/div[2]/div[2]/div/h3/a,{},"{""topRight"":986,""topLeft"":539,""bottomRight"":1079,""bottomLeft"":695,""middle"":769,""inTarget"":false}",0.19472913616398244,0.36024844720496896,154.0,0.01948051948051948,-0.06744217925551585,20180719122941,"Thu, 19 Jul 2018 12:29:41 +0200",Mozilla/5.0 (Windows NT 6.1; WOW64; rv:61.0) Gecko/20100101 Firefox/61.0,1366x768,1366x644,1349x1626,jvr7uf41f1i6von9lss61f8v90-dd-top_right,jvr7uf41f1i6von9lss61f8v90,0,4
0,1531996345538,267,222,mousemove,//*[@id='rso']/div[2]/div[2]/div/h3/a,{},"{""topRight"":984,""topLeft"":536,""bottomRight"":1082,""bottomLeft"":700,""middle"":770,""inTarget"":false}",0.19546120058565153,0.3447204968944099,165.0,0.06090833709770236,0.04142781761718288,20180719122941,"Thu, 19 Jul 2018 12:29:41 +0200",Mozilla/5.0 (Windows NT 6.1; WOW64; rv:61.0) Gecko/20100101 Firefox/61.0,1366x768,1366x644,1349x1626,jvr7uf41f1i6von9lss61f8v90-dd-top_right,jvr7uf41f1i6von9lss61f8v90,0,4
0,1531996349727,267,217,mousemove,//*[@id='rso']/div[2]/div[2]/div/h3/a,{},"{""topRight"":983,""topLeft"":535,""bottomRight"":1085,""bottomLeft"":704,""middle"":771,""inTarget"":false}",0.19546120058565153,0.33695652173913043,4189.0,0.0011936022917164002,-0.05971473480598596,20180719122941,"Thu, 19 Jul 2018 12:29:41 +0200",Mozilla/5.0 (Windows NT 6.1; WOW64; rv:61.0) Gecko/20100101 Firefox/61.0,1366x768,1366x644,1349x1626,jvr7uf41f1i6von9lss61f8v90-dd-top_right,jvr7uf41f1i6von9lss61f8v90,0,4
0,1531996349894,238,232,mousemove,//*[@id='rso']/div[2]/div[2]/div/h3/a,{},"{""topRight"":1014,""topLeft"":566,""bottomRight"":1105,""bottomLeft"":716,""middle"":796,""inTarget"":false}",0.17423133235724744,0.36024844720496896,167.0,0.19550691877023363,0.19431331647851724,20180719122941,"Thu, 19 Jul 2018 12:29:41 +0200",Mozilla/5.0 (Windows NT 6.1; WOW64; rv:61.0) Gecko/20100101 Firefox/61.0,1366x768,1366x644,1349x1626,jvr7uf41f1i6von9lss61f8v90-dd-top_right,jvr7uf41f1i6von9lss61f8v90,0,4
0,1531996351955,226,404,mouseover,//*[@id='rso']/div[2],{},"{""topRight"":1061,""topLeft"":638,""bottomRight"":1057,""bottomLeft"":631,""middle"":791,""inTarget"":false}",0.16544655929721816,0.6273291925465838,2061.0,0.08365749466182361,-0.11184942410841002,20180719122941,"Thu, 19 Jul 2018 12:29:41 +0200",Mozilla/5.0 (Windows NT 6.1; WOW64; rv:61.0) Gecko/20100101 Firefox/61.0,1366x768,1366x644,1349x1626,jvr7uf41f1i6von9lss61f8v90-dd-top_right,jvr7uf41f1i6von9lss61f8v90,0,4
0,1531996352121,257,287,mousemove,//*[@id='rso']/div[2],{},"{""topRight"":1003,""topLeft"":563,""bottomRight"":1065,""bottomLeft"":667,""middle"":768,""inTarget"":false}",0.18814055636896046,0.44565217391304346,166.0,0.7291396648741088,0.6454821702122852,20180719122941,"Thu, 19 Jul 2018 12:29:41 +0200",Mozilla/5.0 (Windows NT 6.1; WOW64; rv:61.0) Gecko/20100101 Firefox/61.0,1366x768,1366x644,1349x1626,jvr7uf41f1i6von9lss61f8v90-dd-top_right,jvr7uf41f1i6von9lss61f8v90,0,4
0,1531996352274,286,211,mouseover,//*[@id='rso']/div[2]/div[2]/div/h3,{},"{""topRight"":964,""topLeft"":515,""bottomRight"":1070,""bottomLeft"":694,""middle"":754,""inTarget"":false}",0.20937042459736457,0.327639751552795,153.0,0.5316663040939934,-0.19747336078011535,20180719122941,"Thu, 19 Jul 2018 12:29:41 +0200",Mozilla/5.0 (Windows NT 6.1; WOW64; rv:61.0) Gecko/20100101 Firefox/61.0,1366x768,1366x644,1349x1626,jvr7uf41f1i6von9lss61f8v90-dd-top_right,jvr7uf41f1i6von9lss61f8v90,0,4
0,1531996352675,332,137,mousemove,//*[@id='rso']/div[2]/div[1]/div/div/div/div,{},"{""topRight"":913,""topLeft"":459,""bottomRight"":1066,""bottomLeft"":716,""middle"":733,""inTarget"":false}",0.2430453879941435,0.2127329192546584,401.0,0.21728699162884754,-0.31437931246514583,20180719122941,"Thu, 19 Jul 2018 12:29:41 +0200",Mozilla/5.0 (Windows NT 6.1; WOW64; rv:61.0) Gecko/20100101 Firefox/61.0,1366x768,1366x644,1349x1626,jvr7uf41f1i6von9lss61f8v90-dd-top_right,jvr7uf41f1i6von9lss61f8v90,0,4
0,1531996352876,332,134,mousedown,//*[@id='rso']/div[2]/div[1]/div/h3/a,{},"{""topRight"":912,""topLeft"":459,""bottomRight"":1067,""bottomLeft"":719,""middle"":734,""inTarget"":false}",0.2430453879941435,0.2080745341614907,201.0,0.014925373134328358,-0.2023616184945192,20180719122941,"Thu, 19 Jul 2018 12:29:41 +0200",Mozilla/5.0 (Windows NT 6.1; WOW64; rv:61.0) Gecko/20100101 Firefox/61.0,1366x768,1366x644,1349x1626,jvr7uf41f1i6von9lss61f8v90-dd-top_right,jvr7uf41f1i6von9lss61f8v90,0,4
0,1531996352977,332,134,mouseup,//*[@id='rso']/div[2]/div[1]/div/h3/a,{},"{""topRight"":912,""topLeft"":459,""bottomRight"":1067,""bottomLeft"":719,""middle"":734,""inTarget"":false}",0.2430453879941435,0.2080745341614907,101.0,0.0,-0.014925373134328358,20180719122941,"Thu, 19 Jul 2018 12:29:41 +0200",Mozilla/5.0 (Windows NT 6.1; WOW64; rv:61.0) Gecko/20100101 Firefox/61.0,1366x768,1366x644,1349x1626,jvr7uf41f1i6von9lss61f8v90-dd-top_right,jvr7uf41f1i6von9lss61f8v90,0,4
0,1531996352980,0,0,beforeunload,/,{},{},0.0,0.0,3.0,119.34078189044273,119.34078189044273,20180719122941,"Thu, 19 Jul 2018 12:29:41 +0200",Mozilla/5.0 (Windows NT 6.1; WOW64; rv:61.0) Gecko/20100101 Firefox/61.0,1366x768,1366x644,1349x1626,jvr7uf41f1i6von9lss61f8v90-dd-top_right,jvr7uf41f1i6von9lss61f8v90,0,4
0,1531996352990,332,134,click,//*[@id='rso']/div[2]/div[1]/div/h3/a,{},"{""topRight"":912,""topLeft"":459,""bottomRight"":1067,""bottomLeft"":719,""middle"":734,""inTarget"":false}",0.2430453879941435,0.2080745341614907,10.0,35.80223456713282,-83.5385473233099,20180719122941,"Thu, 19 Jul 2018 12:29:41 +0200",Mozilla/5.0 (Windows NT 6.1; WOW64; rv:61.0) Gecko/20100101 Firefox/61.0,1366x768,1366x644,1349x1626,jvr7uf41f1i6von9lss61f8v90-dd-top_right,jvr7uf41f1i6von9lss61f8v90,0,4
0,1531996353163,0,0,unload,/,{},{},0.0,0.0,173.0,2.0694933275799317,-33.73274123955289,20180719122941,"Thu, 19 Jul 2018 12:29:41 +0200",Mozilla/5.0 (Windows NT 6.1; WOW64; rv:61.0) Gecko/20100101 Firefox/61.0,1366x768,1366x644,1349x1626,jvr7uf41f1i6von9lss61f8v90-dd-top_right,jvr7uf41f1i6von9lss61f8v90,0,4
