cursor,timestamp,xpos,ypos,event,xpath,attrs,extras,xpos_scaled,ypos_scaled,timestamp_diff,speed,acceleration,log_id,date,ua,screen,window,document,task,user_id,ad_clicked,attention
0,1538415652780,0,0,load,/,{},{},0.0,0.0,1.0,0.0,0.0,20181001190809,"Mon, 01 Oct 2018 19:08:09 +0200","Mozilla/5.0 (Windows NT 6.1) AppleWebKit/537.36 (KHTML, like Gecko) Chrome/69.0.3497.100 Safari/537.36",800x600,800x489,1058x2041,di6h7va0p0sml3tsmii4cakom7-dd-top_left,di6h7va0p0sml3tsmii4cakom7,0,1
0,1538415653299,0,0,scroll,/,{},{},0.0,0.0,519.0,0.0,0.0,20181001190809,"Mon, 01 Oct 2018 19:08:09 +0200","Mozilla/5.0 (Windows NT 6.1) AppleWebKit/537.36 (KHTML, like Gecko) Chrome/69.0.3497.100 Safari/537.36",800x600,800x489,1058x2041,di6h7va0p0sml3tsmii4cakom7-dd-top_left,di6h7va0p0sml3tsmii4cakom7,0,1
0,1538415653458,515,675,mouseover,//*[@id='rso']/div[1]/div/table/tbody/tr[1]/td[2]/div/div/div,{},"{""topRight"":613,""topLeft"":688,""bottomRight"":280,""bottomLeft"":420,""middle"":375,""inTarget"":false}",0.64375,1.3803680981595092,159.0,5.339804132006112,5.339804132006112,20181001190809,"Mon, 01 Oct 2018 19:08:09 +0200","Mozilla/5.0 (Windows NT 6.1) AppleWebKit/537.36 (KHTML, like Gecko) Chrome/69.0.3497.100 Safari/537.36",800x600,800x489,1058x2041,di6h7va0p0sml3tsmii4cakom7-dd-top_left,di6h7va0p0sml3tsmii4cakom7,0,1
0,1538415654104,0,0,scroll,/,{},{},0.0,0.0,646.0,1.3142861563296777,-4.0255179756764345,20181001190809,"Mon, 01 Oct 2018 19:08:09 +0200","Mozilla/5.0 (Windows NT 6.1) AppleWebKit/537.36 (KHTML, like Gecko) Chrome/69.0.3497.100 Safari/537.36",800x600,800x489,1058x2041,di6h7va0p0sml3tsmii4cakom7-dd-top_left,di6h7va0p0sml3tsmii4cakom7,0,1
0,1538415654335,515,975,mouseover,//*[@id='rso']/div[2]/div/div[2]/span/em[2],{},"{""topRight"":898,""topLeft"":951,""bottomRight"":517,""bottomLeft"":604,""middle"":671,""inTarget"":false}",0.64375,1.9938650306748467,231.0,4.77340209814367,3.4591159418139923,20181001190809,"Mon, 01 Oct 2018 19:08:09 +0200","Mozilla/5.0 (Windows NT 6.1) AppleWebKit/537.36 (KHTML, like Gecko) Chrome/69.0.3497.100 Safari/537.36",800x600,800x489,1058x2041,di6h7va0p0sml3tsmii4cakom7-dd-top_left,di6h7va0p0sml3tsmii4cakom7,0,1
0,1538415655029,0,0,scroll,/,{},{},0.0,0.0,694.0,1.5888413323792332,-3.184560765764437,20181001190809,"Mon, 01 Oct 2018 19:08:09 +0200","Mozilla/5.0 (Windows NT 6.1) AppleWebKit/537.36 (KHTML, like Gecko) Chrome/69.0.3497.100 Safari/537.36",800x600,800x489,1058x2041,di6h7va0p0sml3tsmii4cakom7-dd-top_left,di6h7va0p0sml3tsmii4cakom7,0,1
0,1538415656064,0,0,scroll,/,{},{},0.0,0.0,1035.0,0.0,-1.5888413323792332,20181001190809,"Mon, 01 Oct 2018 19:08:09 +0200","Mozilla/5.0 (Windows NT 6.1) AppleWebKit/537.36 (KHTML, like Gecko) Chrome/69.0.3497.100 Safari/537.36",800x600,800x489,1058x2041,di6h7va0p0sml3tsmii4cakom7-dd-top_left,di6h7va0p0sml3tsmii4cakom7,0,1
0,1538415659263,0,0,scroll,/,{},{},0.0,0.0,3199.0,0.0,0.0,20181001190809,"Mon, 01 Oct 2018 19:08:09 +0200","Mozilla/5.0 (Windows NT 6.1) AppleWebKit/537.36 (KHTML, like Gecko) Chrome/69.0.3497.100 Safari/537.36",800x600,800x489,1058x2041,di6h7va0p0sml3tsmii4cakom7-dd-top_left,di6h7va0p0sml3tsmii4cakom7,0,1
0,1538415659490,515,1475,mouseover,//*[@id='rso']/div[3]/div[3]/div/div/div/span,{},"{""topRight"":1388,""topLeft"":1423,""bottomRight"":990,""bottomLeft"":1039,""middle"":1169,""inTarget"":false}",0.64375,3.016359918200409,227.0,6.882475726255351,6.882475726255351,20181001190809,"Mon, 01 Oct 2018 19:08:09 +0200","Mozilla/5.0 (Windows NT 6.1) AppleWebKit/537.36 (KHTML, like Gecko) Chrome/69.0.3497.100 Safari/537.36",800x600,800x489,1058x2041,di6h7va0p0sml3tsmii4cakom7-dd-top_left,di6h7va0p0sml3tsmii4cakom7,0,1
0,1538415662121,0,0,scroll,/,{},{},0.0,0.0,2631.0,0.5938129950056878,-6.288662731249664,20181001190809,"Mon, 01 Oct 2018 19:08:09 +0200","Mozilla/5.0 (Windows NT 6.1) AppleWebKit/537.36 (KHTML, like Gecko) Chrome/69.0.3497.100 Safari/537.36",800x600,800x489,1058x2041,di6h7va0p0sml3tsmii4cakom7-dd-top_left,di6h7va0p0sml3tsmii4cakom7,0,1
0,1538415662334,515,975,mouseover,//*[@id='rso']/div[2]/div/div[2]/span/em[2],{},"{""topRight"":898,""topLeft"":951,""bottomRight"":517,""bottomLeft"":604,""middle"":671,""inTarget"":false}",0.64375,1.9938650306748467,213.0,5.176788190944544,4.582975195938856,20181001190809,"Mon, 01 Oct 2018 19:08:09 +0200","Mozilla/5.0 (Windows NT 6.1) AppleWebKit/537.36 (KHTML, like Gecko) Chrome/69.0.3497.100 Safari/537.36",800x600,800x489,1058x2041,di6h7va0p0sml3tsmii4cakom7-dd-top_left,di6h7va0p0sml3tsmii4cakom7,0,1
0,1538415662895,0,0,scroll,/,{},{},0.0,0.0,561.0,1.9655185110003348,-3.211269679944209,20181001190809,"Mon, 01 Oct 2018 19:08:09 +0200","Mozilla/5.0 (Windows NT 6.1) AppleWebKit/537.36 (KHTML, like Gecko) Chrome/69.0.3497.100 Safari/537.36",800x600,800x489,1058x2041,di6h7va0p0sml3tsmii4cakom7-dd-top_left,di6h7va0p0sml3tsmii4cakom7,0,1
0,1538415663095,0,0,scroll,/,{},{},0.0,0.0,200.0,0.0,-1.9655185110003348,20181001190809,"Mon, 01 Oct 2018 19:08:09 +0200","Mozilla/5.0 (Windows NT 6.1) AppleWebKit/537.36 (KHTML, like Gecko) Chrome/69.0.3497.100 Safari/537.36",800x600,800x489,1058x2041,di6h7va0p0sml3tsmii4cakom7-dd-top_left,di6h7va0p0sml3tsmii4cakom7,0,1
0,1538415664362,0,0,scroll,/,{},{},0.0,0.0,1267.0,0.0,0.0,20181001190809,"Mon, 01 Oct 2018 19:08:09 +0200","Mozilla/5.0 (Windows NT 6.1) AppleWebKit/537.36 (KHTML, like Gecko) Chrome/69.0.3497.100 Safari/537.36",800x600,800x489,1058x2041,di6h7va0p0sml3tsmii4cakom7-dd-top_left,di6h7va0p0sml3tsmii4cakom7,0,1
0,1538415665369,506,671,mousemove,//*[@id='rso']/div[1]/div/table/tbody/tr[1]/td[2]/div/div/div,{},"{""topRight"":612,""topLeft"":680,""bottomRight"":285,""bottomLeft"":410,""middle"":369,""inTarget"":false}",0.6325,1.3721881390593047,1007.0,0.8345609529058774,0.8345609529058774,20181001190809,"Mon, 01 Oct 2018 19:08:09 +0200","Mozilla/5.0 (Windows NT 6.1) AppleWebKit/537.36 (KHTML, like Gecko) Chrome/69.0.3497.100 Safari/537.36",800x600,800x489,1058x2041,di6h7va0p0sml3tsmii4cakom7-dd-top_left,di6h7va0p0sml3tsmii4cakom7,0,1
0,1538415665885,255,624,mousemove,//*[@id='rso']/div[1]/div/table/tbody/tr[1]/td[1]/div/span/h3/a,{},"{""topRight"":711,""topLeft"":533,""bottomRight"":500,""bottomLeft"":170,""middle"":363,""inTarget"":false}",0.31875,1.2760736196319018,516.0,0.4948885415824739,-0.3396724113234035,20181001190809,"Mon, 01 Oct 2018 19:08:09 +0200","Mozilla/5.0 (Windows NT 6.1) AppleWebKit/537.36 (KHTML, like Gecko) Chrome/69.0.3497.100 Safari/537.36",800x600,800x489,1058x2041,di6h7va0p0sml3tsmii4cakom7-dd-top_left,di6h7va0p0sml3tsmii4cakom7,0,1
0,1538415666377,0,0,scroll,/,{},{},0.0,0.0,492.0,1.3701071617728395,0.8752186201903656,20181001190809,"Mon, 01 Oct 2018 19:08:09 +0200","Mozilla/5.0 (Windows NT 6.1) AppleWebKit/537.36 (KHTML, like Gecko) Chrome/69.0.3497.100 Safari/537.36",800x600,800x489,1058x2041,di6h7va0p0sml3tsmii4cakom7-dd-top_left,di6h7va0p0sml3tsmii4cakom7,0,1
0,1538415666728,0,0,scroll,/,{},{},0.0,0.0,351.0,0.0,-1.3701071617728395,20181001190809,"Mon, 01 Oct 2018 19:08:09 +0200","Mozilla/5.0 (Windows NT 6.1) AppleWebKit/537.36 (KHTML, like Gecko) Chrome/69.0.3497.100 Safari/537.36",800x600,800x489,1058x2041,di6h7va0p0sml3tsmii4cakom7-dd-top_left,di6h7va0p0sml3tsmii4cakom7,0,1
0,1538415667634,401,134,mousemove,//*[@id='tvcap']/div[1]/div,{},"{""topRight"":342,""topLeft"":274,""bottomRight"":508,""bottomLeft"":465,""middle"":178,""inTarget"":true}",0.50125,0.2740286298568507,906.0,0.4666629596299034,0.4666629596299034,20181001190809,"Mon, 01 Oct 2018 19:08:09 +0200","Mozilla/5.0 (Windows NT 6.1) AppleWebKit/537.36 (KHTML, like Gecko) Chrome/69.0.3497.100 Safari/537.36",800x600,800x489,1058x2041,di6h7va0p0sml3tsmii4cakom7-dd-top_left,di6h7va0p0sml3tsmii4cakom7,0,1
0,1538415667968,224,3,mousemove,//*[@id='searchform']/div/div,{},"{""topRight"":528,""topLeft"":141,""bottomRight"":726,""bottomLeft"":517,""middle"":371,""inTarget"":false}",0.28,0.006134969325153374,334.0,0.6592947618400355,0.19263180221013215,20181001190809,"Mon, 01 Oct 2018 19:08:09 +0200","Mozilla/5.0 (Windows NT 6.1) AppleWebKit/537.36 (KHTML, like Gecko) Chrome/69.0.3497.100 Safari/537.36",800x600,800x489,1058x2041,di6h7va0p0sml3tsmii4cakom7-dd-top_left,di6h7va0p0sml3tsmii4cakom7,0,1
0,1538415668214,0,0,blur,/,{},{},0.0,0.0,246.0,0.9106507657924724,0.25135600395243685,20181001190809,"Mon, 01 Oct 2018 19:08:09 +0200","Mozilla/5.0 (Windows NT 6.1) AppleWebKit/537.36 (KHTML, like Gecko) Chrome/69.0.3497.100 Safari/537.36",800x600,800x489,1058x2041,di6h7va0p0sml3tsmii4cakom7-dd-top_left,di6h7va0p0sml3tsmii4cakom7,0,1
0,1538415686718,0,0,focus,/,{},{},0.0,0.0,18504.0,0.0,-0.9106507657924724,20181001190809,"Mon, 01 Oct 2018 19:08:09 +0200","Mozilla/5.0 (Windows NT 6.1) AppleWebKit/537.36 (KHTML, like Gecko) Chrome/69.0.3497.100 Safari/537.36",800x600,800x489,1058x2041,di6h7va0p0sml3tsmii4cakom7-dd-top_left,di6h7va0p0sml3tsmii4cakom7,0,1
0,1538415687030,317,22,mouseover,//*[@id='lst-ib'],{},"{""topRight"":433,""topLeft"":207,""bottomRight"":648,""bottomLeft"":524,""middle"":310,""inTarget"":false}",0.39625,0.044989775051124746,312.0,1.0184695189735615,1.0184695189735615,20181001190809,"Mon, 01 Oct 2018 19:08:09 +0200","Mozilla/5.0 (Windows NT 6.1) AppleWebKit/537.36 (KHTML, like Gecko) Chrome/69.0.3497.100 Safari/537.36",800x600,800x489,1058x2041,di6h7va0p0sml3tsmii4cakom7-dd-top_left,di6h7va0p0sml3tsmii4cakom7,0,1
0,1538415687212,237,141,mousemove,//*[@id='tvcap']/div[1]/div,{},"{""topRight"":506,""topLeft"":114,""bottomRight"":626,""bottomLeft"":386,""middle"":259,""inTarget"":true}",0.29625,0.2883435582822086,182.0,0.7878630419850745,-0.23060647698848702,20181001190809,"Mon, 01 Oct 2018 19:08:09 +0200","Mozilla/5.0 (Windows NT 6.1) AppleWebKit/537.36 (KHTML, like Gecko) Chrome/69.0.3497.100 Safari/537.36",800x600,800x489,1058x2041,di6h7va0p0sml3tsmii4cakom7-dd-top_left,di6h7va0p0sml3tsmii4cakom7,0,1
0,1538415687521,237,143,mouseover,//*[@id='platop0'],{},"{""topRight"":506,""topLeft"":115,""bottomRight"":625,""bottomLeft"":384,""middle"":258,""inTarget"":true}",0.29625,0.29243353783231085,309.0,0.006472491909385114,-0.7813905500756894,20181001190809,"Mon, 01 Oct 2018 19:08:09 +0200","Mozilla/5.0 (Windows NT 6.1) AppleWebKit/537.36 (KHTML, like Gecko) Chrome/69.0.3497.100 Safari/537.36",800x600,800x489,1058x2041,di6h7va0p0sml3tsmii4cakom7-dd-top_left,di6h7va0p0sml3tsmii4cakom7,0,1
0,1538415687680,251,177,mousemove,//*[@id='tvcap']/div[1]/div/div[2]/div[1]/div[1]/div[1]/div[1],{},"{""topRight"":496,""topLeft"":142,""bottomRight"":594,""bottomLeft"":356,""middle"":226,""inTarget"":true}",0.31375,0.3619631901840491,159.0,0.23125504793522308,0.22478255602583797,20181001190809,"Mon, 01 Oct 2018 19:08:09 +0200","Mozilla/5.0 (Windows NT 6.1) AppleWebKit/537.36 (KHTML, like Gecko) Chrome/69.0.3497.100 Safari/537.36",800x600,800x489,1058x2041,di6h7va0p0sml3tsmii4cakom7-dd-top_left,di6h7va0p0sml3tsmii4cakom7,0,1
0,1538415688077,0,0,scroll,/,{},{},0.0,0.0,397.0,0.7736319735315631,0.54237692559634,20181001190809,"Mon, 01 Oct 2018 19:08:09 +0200","Mozilla/5.0 (Windows NT 6.1) AppleWebKit/537.36 (KHTML, like Gecko) Chrome/69.0.3497.100 Safari/537.36",800x600,800x489,1058x2041,di6h7va0p0sml3tsmii4cakom7-dd-top_left,di6h7va0p0sml3tsmii4cakom7,0,1
0,1538415689381,0,0,scroll,/,{},{},0.0,0.0,1304.0,0.0,-0.7736319735315631,20181001190809,"Mon, 01 Oct 2018 19:08:09 +0200","Mozilla/5.0 (Windows NT 6.1) AppleWebKit/537.36 (KHTML, like Gecko) Chrome/69.0.3497.100 Safari/537.36",800x600,800x489,1058x2041,di6h7va0p0sml3tsmii4cakom7-dd-top_left,di6h7va0p0sml3tsmii4cakom7,0,1
0,1538415689709,0,0,scroll,/,{},{},0.0,0.0,328.0,0.0,0.0,20181001190809,"Mon, 01 Oct 2018 19:08:09 +0200","Mozilla/5.0 (Windows NT 6.1) AppleWebKit/537.36 (KHTML, like Gecko) Chrome/69.0.3497.100 Safari/537.36",800x600,800x489,1058x2041,di6h7va0p0sml3tsmii4cakom7-dd-top_left,di6h7va0p0sml3tsmii4cakom7,0,1
0,1538415689930,252,577,mouseover,//*[@id='rso']/div[1]/div/div/div/div/span,{},"{""topRight"":680,""topLeft"":487,""bottomRight"":494,""bottomLeft"":140,""middle"":325,""inTarget"":false}",0.315,1.179959100204499,221.0,2.8490011583311063,2.8490011583311063,20181001190809,"Mon, 01 Oct 2018 19:08:09 +0200","Mozilla/5.0 (Windows NT 6.1) AppleWebKit/537.36 (KHTML, like Gecko) Chrome/69.0.3497.100 Safari/537.36",800x600,800x489,1058x2041,di6h7va0p0sml3tsmii4cakom7-dd-top_left,di6h7va0p0sml3tsmii4cakom7,0,1
0,1538415690169,250,577,mousemove,//*[@id='rso']/div[1]/div/div/div/div/span,{},"{""topRight"":681,""topLeft"":487,""bottomRight"":496,""bottomLeft"":139,""middle"":326,""inTarget"":false}",0.3125,1.179959100204499,239.0,0.008368200836820083,-2.8406329574942863,20181001190809,"Mon, 01 Oct 2018 19:08:09 +0200","Mozilla/5.0 (Windows NT 6.1) AppleWebKit/537.36 (KHTML, like Gecko) Chrome/69.0.3497.100 Safari/537.36",800x600,800x489,1058x2041,di6h7va0p0sml3tsmii4cakom7-dd-top_left,di6h7va0p0sml3tsmii4cakom7,0,1
0,1538415690336,230,582,mousemove,//*[@id='rso']/div[1]/div/div/div/div/span,{},"{""topRight"":699,""topLeft"":487,""bottomRight"":517,""bottomLeft"":124,""middle"":342,""inTarget"":false}",0.2875,1.1901840490797546,167.0,0.12344627621609763,0.11507807537927756,20181001190809,"Mon, 01 Oct 2018 19:08:09 +0200","Mozilla/5.0 (Windows NT 6.1) AppleWebKit/537.36 (KHTML, like Gecko) Chrome/69.0.3497.100 Safari/537.36",800x600,800x489,1058x2041,di6h7va0p0sml3tsmii4cakom7-dd-top_left,di6h7va0p0sml3tsmii4cakom7,0,1
0,1538415690500,229,573,mouseover,//*[@id='rso']/div[1]/div/div/div/div/div,{},"{""topRight"":694,""topLeft"":478,""bottomRight"":517,""bottomLeft"":119,""middle"":335,""inTarget"":false}",0.28625,1.1717791411042944,164.0,0.055215763037423274,-0.06823051317867436,20181001190809,"Mon, 01 Oct 2018 19:08:09 +0200","Mozilla/5.0 (Windows NT 6.1) AppleWebKit/537.36 (KHTML, like Gecko) Chrome/69.0.3497.100 Safari/537.36",800x600,800x489,1058x2041,di6h7va0p0sml3tsmii4cakom7-dd-top_left,di6h7va0p0sml3tsmii4cakom7,0,1
0,1538415690664,240,547,mousemove,//*[@id='rso']/div[1]/div/div/h3/a,{},"{""topRight"":668,""topLeft"":455,""bottomRight"":503,""bottomLeft"":118,""middle"":308,""inTarget"":false}",0.3,1.1186094069529653,164.0,0.17214139284747687,0.1169256298100536,20181001190809,"Mon, 01 Oct 2018 19:08:09 +0200","Mozilla/5.0 (Windows NT 6.1) AppleWebKit/537.36 (KHTML, like Gecko) Chrome/69.0.3497.100 Safari/537.36",800x600,800x489,1058x2041,di6h7va0p0sml3tsmii4cakom7-dd-top_left,di6h7va0p0sml3tsmii4cakom7,0,1
0,1538415690833,243,546,mousemove,//*[@id='rso']/div[1]/div/div/h3/a,{},"{""topRight"":665,""topLeft"":455,""bottomRight"":500,""bottomLeft"":120,""middle"":305,""inTarget"":false}",0.30375,1.116564417177914,169.0,0.018711702131173843,-0.15342969071630302,20181001190809,"Mon, 01 Oct 2018 19:08:09 +0200","Mozilla/5.0 (Windows NT 6.1) AppleWebKit/537.36 (KHTML, like Gecko) Chrome/69.0.3497.100 Safari/537.36",800x600,800x489,1058x2041,di6h7va0p0sml3tsmii4cakom7-dd-top_left,di6h7va0p0sml3tsmii4cakom7,0,1
0,1538415690908,243,546,mousedown,//*[@id='rso']/div[1]/div/div/h3/a,{},"{""topRight"":665,""topLeft"":455,""bottomRight"":500,""bottomLeft"":120,""middle"":305,""inTarget"":false}",0.30375,1.116564417177914,75.0,0.0,-0.018711702131173843,20181001190809,"Mon, 01 Oct 2018 19:08:09 +0200","Mozilla/5.0 (Windows NT 6.1) AppleWebKit/537.36 (KHTML, like Gecko) Chrome/69.0.3497.100 Safari/537.36",800x600,800x489,1058x2041,di6h7va0p0sml3tsmii4cakom7-dd-top_left,di6h7va0p0sml3tsmii4cakom7,0,1
0,1538415691007,243,546,mouseup,//*[@id='rso']/div[1]/div/div/h3/a,{},"{""topRight"":665,""topLeft"":455,""bottomRight"":500,""bottomLeft"":120,""middle"":305,""inTarget"":false}",0.30375,1.116564417177914,99.0,0.0,0.0,20181001190809,"Mon, 01 Oct 2018 19:08:09 +0200","Mozilla/5.0 (Windows NT 6.1) AppleWebKit/537.36 (KHTML, like Gecko) Chrome/69.0.3497.100 Safari/537.36",800x600,800x489,1058x2041,di6h7va0p0sml3tsmii4cakom7-dd-top_left,di6h7va0p0sml3tsmii4cakom7,0,1
0,1538415691010,243,546,click,//*[@id='rso']/div[1]/div/div/h3/a,{},"{""topRight"":665,""topLeft"":455,""bottomRight"":500,""bottomLeft"":120,""middle"":305,""inTarget"":false}",0.30375,1.116564417177914,3.0,0.0,0.0,20181001190809,"Mon, 01 Oct 2018 19:08:09 +0200","Mozilla/5.0 (Windows NT 6.1) AppleWebKit/537.36 (KHTML, like Gecko) Chrome/69.0.3497.100 Safari/537.36",800x600,800x489,1058x2041,di6h7va0p0sml3tsmii4cakom7-dd-top_left,di6h7va0p0sml3tsmii4cakom7,0,1
0,1538415691016,0,0,beforeunload,/,{},{},0.0,0.0,6.0,99.60547173724946,99.60547173724946,20181001190809,"Mon, 01 Oct 2018 19:08:09 +0200","Mozilla/5.0 (Windows NT 6.1) AppleWebKit/537.36 (KHTML, like Gecko) Chrome/69.0.3497.100 Safari/537.36",800x600,800x489,1058x2041,di6h7va0p0sml3tsmii4cakom7-dd-top_left,di6h7va0p0sml3tsmii4cakom7,0,1
0,1538415691991,0,0,unload,/,{},{},0.0,0.0,975.0,0.0,-99.60547173724946,20181001190809,"Mon, 01 Oct 2018 19:08:09 +0200","Mozilla/5.0 (Windows NT 6.1) AppleWebKit/537.36 (KHTML, like Gecko) Chrome/69.0.3497.100 Safari/537.36",800x600,800x489,1058x2041,di6h7va0p0sml3tsmii4cakom7-dd-top_left,di6h7va0p0sml3tsmii4cakom7,0,1
