cursor,timestamp,xpos,ypos,event,xpath,attrs,extras,xpos_scaled,ypos_scaled,timestamp_diff,speed,acceleration,log_id,date,ua,screen,window,document,task,user_id,ad_clicked,attention
0,1538420494381,0,0,load,/,{},{},0.0,0.0,1.0,0.0,0.0,20181001205846,"Mon, 01 Oct 2018 20:58:46 +0200","Mozilla/5.0 (Windows NT 10.0) AppleWebKit/537.36 (KHTML, like Gecko) Chrome/68.0.3440.106 Safari/537.36 OPR/55.0.2994.61",1366x768,1366x696,1351x1713,93cc2vql03r6kb5a2hm8qalfs2-native-top_left,93cc2vql03r6kb5a2hm8qalfs2,0,4
0,1538420495163,0,0,focus,/,{},{},0.0,0.0,782.0,0.0,0.0,20181001205846,"Mon, 01 Oct 2018 20:58:46 +0200","Mozilla/5.0 (Windows NT 10.0) AppleWebKit/537.36 (KHTML, like Gecko) Chrome/68.0.3440.106 Safari/537.36 OPR/55.0.2994.61",1366x768,1366x696,1351x1713,93cc2vql03r6kb5a2hm8qalfs2-native-top_left,93cc2vql03r6kb5a2hm8qalfs2,0,4
0,1538420495164,0,0,blur,/,{},{},0.0,0.0,1.0,0.0,0.0,20181001205846,"Mon, 01 Oct 2018 20:58:46 +0200","Mozilla/5.0 (Windows NT 10.0) AppleWebKit/537.36 (KHTML, like Gecko) Chrome/68.0.3440.106 Safari/537.36 OPR/55.0.2994.61",1366x768,1366x696,1351x1713,93cc2vql03r6kb5a2hm8qalfs2-native-top_left,93cc2vql03r6kb5a2hm8qalfs2,0,4
0,1538420533704,0,0,focus,/,{},{},0.0,0.0,38540.0,0.0,0.0,20181001205846,"Mon, 01 Oct 2018 20:58:46 +0200","Mozilla/5.0 (Windows NT 10.0) AppleWebKit/537.36 (KHTML, like Gecko) Chrome/68.0.3440.106 Safari/537.36 OPR/55.0.2994.61",1366x768,1366x696,1351x1713,93cc2vql03r6kb5a2hm8qalfs2-native-top_left,93cc2vql03r6kb5a2hm8qalfs2,0,4
0,1538420533704,0,0,blur,/,{},{},0.0,0.0,0.0,0.0,0.0,20181001205846,"Mon, 01 Oct 2018 20:58:46 +0200","Mozilla/5.0 (Windows NT 10.0) AppleWebKit/537.36 (KHTML, like Gecko) Chrome/68.0.3440.106 Safari/537.36 OPR/55.0.2994.61",1366x768,1366x696,1351x1713,93cc2vql03r6kb5a2hm8qalfs2-native-top_left,93cc2vql03r6kb5a2hm8qalfs2,0,4
0,1538420533704,0,0,focus,/,{},{},0.0,0.0,0.0,0.0,0.0,20181001205846,"Mon, 01 Oct 2018 20:58:46 +0200","Mozilla/5.0 (Windows NT 10.0) AppleWebKit/537.36 (KHTML, like Gecko) Chrome/68.0.3440.106 Safari/537.36 OPR/55.0.2994.61",1366x768,1366x696,1351x1713,93cc2vql03r6kb5a2hm8qalfs2-native-top_left,93cc2vql03r6kb5a2hm8qalfs2,0,4
0,1538420533705,0,0,blur,/,{},{},0.0,0.0,1.0,0.0,0.0,20181001205846,"Mon, 01 Oct 2018 20:58:46 +0200","Mozilla/5.0 (Windows NT 10.0) AppleWebKit/537.36 (KHTML, like Gecko) Chrome/68.0.3440.106 Safari/537.36 OPR/55.0.2994.61",1366x768,1366x696,1351x1713,93cc2vql03r6kb5a2hm8qalfs2-native-top_left,93cc2vql03r6kb5a2hm8qalfs2,0,4
0,1538420533705,0,0,focus,/,{},{},0.0,0.0,0.0,0.0,0.0,20181001205846,"Mon, 01 Oct 2018 20:58:46 +0200","Mozilla/5.0 (Windows NT 10.0) AppleWebKit/537.36 (KHTML, like Gecko) Chrome/68.0.3440.106 Safari/537.36 OPR/55.0.2994.61",1366x768,1366x696,1351x1713,93cc2vql03r6kb5a2hm8qalfs2-native-top_left,93cc2vql03r6kb5a2hm8qalfs2,0,4
0,1538420534238,557,8,mouseover,//*[@id='tsf']/div[2]/div[2],{},"{""topRight"":208,""topLeft"":439,""bottomRight"":282,""bottomLeft"":478,""middle"":194,""inTarget"":false}",0.40775988286969256,0.011494252873563218,533.0,1.0451359243261875,1.0451359243261875,20181001205846,"Mon, 01 Oct 2018 20:58:46 +0200","Mozilla/5.0 (Windows NT 10.0) AppleWebKit/537.36 (KHTML, like Gecko) Chrome/68.0.3440.106 Safari/537.36 OPR/55.0.2994.61",1366x768,1366x696,1351x1713,93cc2vql03r6kb5a2hm8qalfs2-native-top_left,93cc2vql03r6kb5a2hm8qalfs2,0,4
0,1538420534424,522,101,mouseover,//*[@id='tads'],{},"{""topRight"":222,""topLeft"":394,""bottomRight"":251,""bottomLeft"":411,""middle"":104,""inTarget"":false}",0.3821376281112738,0.14511494252873564,186.0,0.5342365747221361,-0.5108993496040514,20181001205846,"Mon, 01 Oct 2018 20:58:46 +0200","Mozilla/5.0 (Windows NT 10.0) AppleWebKit/537.36 (KHTML, like Gecko) Chrome/68.0.3440.106 Safari/537.36 OPR/55.0.2994.61",1366x768,1366x696,1351x1713,93cc2vql03r6kb5a2hm8qalfs2-native-top_left,93cc2vql03r6kb5a2hm8qalfs2,0,4
0,1538420534630,319,201,mouseover,//*[@id='tads']/ol/li/div[4]/a,{},"{""topRight"":437,""topLeft"":216,""bottomRight"":425,""bottomLeft"":192,""middle"":124,""inTarget"":true}",0.2335285505124451,0.28879310344827586,206.0,1.0985148373011449,0.5642782625790087,20181001205846,"Mon, 01 Oct 2018 20:58:46 +0200","Mozilla/5.0 (Windows NT 10.0) AppleWebKit/537.36 (KHTML, like Gecko) Chrome/68.0.3440.106 Safari/537.36 OPR/55.0.2994.61",1366x768,1366x696,1351x1713,93cc2vql03r6kb5a2hm8qalfs2-native-top_left,93cc2vql03r6kb5a2hm8qalfs2,0,4
0,1538420534822,270,210,mousemove,//*[@id='tads']/ol/li,{},"{""topRight"":487,""topLeft"":180,""bottomRight"":474,""bottomLeft"":142,""middle"":174,""inTarget"":true}",0.19765739385065886,0.3017241379310345,192.0,0.2594774730641906,-0.8390373642369542,20181001205846,"Mon, 01 Oct 2018 20:58:46 +0200","Mozilla/5.0 (Windows NT 10.0) AppleWebKit/537.36 (KHTML, like Gecko) Chrome/68.0.3440.106 Safari/537.36 OPR/55.0.2994.61",1366x768,1366x696,1351x1713,93cc2vql03r6kb5a2hm8qalfs2-native-top_left,93cc2vql03r6kb5a2hm8qalfs2,0,4
0,1538420534987,251,226,mouseover,//*[@id='rso']/div[1]/div[1]/div/h3/a,{},"{""topRight"":509,""topLeft"":176,""bottomRight"":493,""bottomLeft"":123,""middle"":197,""inTarget"":false}",0.18374816983894582,0.32471264367816094,165.0,0.1505423314954451,-0.10893514156874551,20181001205846,"Mon, 01 Oct 2018 20:58:46 +0200","Mozilla/5.0 (Windows NT 10.0) AppleWebKit/537.36 (KHTML, like Gecko) Chrome/68.0.3440.106 Safari/537.36 OPR/55.0.2994.61",1366x768,1366x696,1351x1713,93cc2vql03r6kb5a2hm8qalfs2-native-top_left,93cc2vql03r6kb5a2hm8qalfs2,0,4
0,1538420535154,221,232,mousemove,//*[@id='rso']/div[1]/div[1]/div/h3/a,{},"{""topRight"":539,""topLeft"":161,""bottomRight"":523,""bottomLeft"":94,""middle"":227,""inTarget"":false}",0.1617862371888726,0.3333333333333333,167.0,0.1831983058775851,0.03265597438213999,20181001205846,"Mon, 01 Oct 2018 20:58:46 +0200","Mozilla/5.0 (Windows NT 10.0) AppleWebKit/537.36 (KHTML, like Gecko) Chrome/68.0.3440.106 Safari/537.36 OPR/55.0.2994.61",1366x768,1366x696,1351x1713,93cc2vql03r6kb5a2hm8qalfs2-native-top_left,93cc2vql03r6kb5a2hm8qalfs2,0,4
0,1538420535475,216,232,mousedown,//*[@id='rso']/div[1]/div[1]/div/h3/a,{},"{""topRight"":544,""topLeft"":159,""bottomRight"":528,""bottomLeft"":89,""middle"":232,""inTarget"":false}",0.1581259150805271,0.3333333333333333,321.0,0.01557632398753894,-0.16762198189004615,20181001205846,"Mon, 01 Oct 2018 20:58:46 +0200","Mozilla/5.0 (Windows NT 10.0) AppleWebKit/537.36 (KHTML, like Gecko) Chrome/68.0.3440.106 Safari/537.36 OPR/55.0.2994.61",1366x768,1366x696,1351x1713,93cc2vql03r6kb5a2hm8qalfs2-native-top_left,93cc2vql03r6kb5a2hm8qalfs2,0,4
0,1538420535612,216,232,mouseup,//*[@id='rso']/div[1]/div[1]/div/h3/a,{},"{""topRight"":544,""topLeft"":159,""bottomRight"":528,""bottomLeft"":89,""middle"":232,""inTarget"":false}",0.1581259150805271,0.3333333333333333,137.0,0.0,-0.01557632398753894,20181001205846,"Mon, 01 Oct 2018 20:58:46 +0200","Mozilla/5.0 (Windows NT 10.0) AppleWebKit/537.36 (KHTML, like Gecko) Chrome/68.0.3440.106 Safari/537.36 OPR/55.0.2994.61",1366x768,1366x696,1351x1713,93cc2vql03r6kb5a2hm8qalfs2-native-top_left,93cc2vql03r6kb5a2hm8qalfs2,0,4
0,1538420535614,216,232,click,//*[@id='rso']/div[1]/div[1]/div/h3/a,{},"{""topRight"":544,""topLeft"":159,""bottomRight"":528,""bottomLeft"":89,""middle"":232,""inTarget"":false}",0.1581259150805271,0.3333333333333333,2.0,0.0,0.0,20181001205846,"Mon, 01 Oct 2018 20:58:46 +0200","Mozilla/5.0 (Windows NT 10.0) AppleWebKit/537.36 (KHTML, like Gecko) Chrome/68.0.3440.106 Safari/537.36 OPR/55.0.2994.61",1366x768,1366x696,1351x1713,93cc2vql03r6kb5a2hm8qalfs2-native-top_left,93cc2vql03r6kb5a2hm8qalfs2,0,4
0,1538420535621,0,0,beforeunload,/,{},{},0.0,0.0,7.0,45.28368629979189,45.28368629979189,20181001205846,"Mon, 01 Oct 2018 20:58:46 +0200","Mozilla/5.0 (Windows NT 10.0) AppleWebKit/537.36 (KHTML, like Gecko) Chrome/68.0.3440.106 Safari/537.36 OPR/55.0.2994.61",1366x768,1366x696,1351x1713,93cc2vql03r6kb5a2hm8qalfs2-native-top_left,93cc2vql03r6kb5a2hm8qalfs2,0,4
0,1538420535961,0,0,unload,/,{},{},0.0,0.0,340.0,0.0,-45.28368629979189,20181001205846,"Mon, 01 Oct 2018 20:58:46 +0200","Mozilla/5.0 (Windows NT 10.0) AppleWebKit/537.36 (KHTML, like Gecko) Chrome/68.0.3440.106 Safari/537.36 OPR/55.0.2994.61",1366x768,1366x696,1351x1713,93cc2vql03r6kb5a2hm8qalfs2-native-top_left,93cc2vql03r6kb5a2hm8qalfs2,0,4
